true_Y_0,true_Y_1,predicted_Y_0,predicted_Y_1,predicted_variance_0,predicted_variance_1,NLPD_0,NLPD_1,NLPD_2
4.782199999999999562e+01,8.090700000000000003e+00,2.748078918457031250e+01,4.163110256195068359e+00,nan,nan,7.880717310738759807e+00,4.747052742687712268e+00,3.137193163021749776e+00
1.796300000000000097e+01,2.993000000000000327e+00,2.398346138000488281e+01,3.379790067672729492e+00,nan,nan,5.402290258240896037e+00,3.583162500111113591e+00,1.820523102863973897e+00
7.645599999999998175e+00,9.157500000000000639e-01,1.862185597419738770e+00,-6.240193247795104980e-01,nan,nan,5.648398670983510783e+00,3.633056236950408024e+00,2.046436031445211690e+00
1.983299999999999841e+01,3.067299999999999915e+00,2.630015182495117188e+01,3.835781335830688477e+00,nan,nan,5.449236664605336955e+00,3.595061077324400944e+00,1.857861121281332295e+00
4.824699999999999989e+01,7.530800000000000161e+00,2.748542785644531250e+01,4.168814659118652344e+00,nan,nan,7.575099501443105510e+00,4.800942732540617541e+00,2.777199943646139424e+00
4.952100000000000080e+01,9.056200000000000472e+00,2.748838233947753906e+01,4.166874885559082031e+00,nan,nan,8.843123946023183635e+00,4.970298124996672229e+00,3.877339799984640401e+00
1.568400000000000105e+01,1.757200000000000095e+00,2.331970787048339844e+01,3.178180456161499023e+00,nan,nan,5.626849684548574260e+00,3.652302695957671208e+00,1.983575780972189229e+00
5.631499999999999062e+00,6.694599999999999440e-01,1.501551628112792969e+01,1.608747839927673340e+00,nan,nan,5.658994231057363322e+00,3.761294557301054997e+00,1.918246944531149190e+00
1.959700000000000131e+01,3.260200000000000209e+00,2.589254379272460938e+01,3.762815475463867188e+00,nan,nan,5.415737900567251017e+00,3.589579536167632146e+00,1.828588982208914082e+00
4.988300000000000267e+01,7.434199999999999697e+00,2.747280693054199219e+01,4.159379959106445312e+00,nan,nan,7.749832663369375041e+00,5.022919966427336291e+00,2.728111823185629170e+00
5.163300000000000267e+01,9.732100000000000861e+00,2.746899032592773438e+01,4.155988216400146484e+00,nan,nan,9.789363894295888713e+00,5.277592016903410510e+00,4.511915166958517354e+00
1.680999999999999872e+01,1.467500000000000249e+00,2.711382865905761719e+01,4.027877807617187500e+00,nan,nan,6.145803723168569377e+00,3.789763762203703923e+00,2.363270362003988545e+00
3.693200000000000927e+00,7.952200000000000379e-01,2.457579803466796875e+01,3.393681287765502930e+00,nan,nan,7.098944458794790080e+00,4.788546158520231799e+00,2.378508885487264912e+00
1.914600000000000080e+01,3.293999999999999595e+00,1.865219497680664062e+01,2.605923891067504883e+00,nan,nan,5.355007085633474162e+00,3.496270133701811833e+00,1.860685725792593281e+00
5.043100000000000449e+01,7.569399999999999906e+00,2.746982383728027344e+01,4.156880378723144531e+00,nan,nan,7.909517798257070353e+00,5.100902868954191760e+00,2.809141595944113057e+00
4.924300000000000210e+01,9.693400000000000460e+00,2.746899414062500000e+01,4.155992507934570312e+00,nan,nan,9.409567866158681682e+00,4.935435606686125354e+00,4.474254091366476338e+00
1.556099999999999994e+01,1.660600000000000076e+00,2.734975624084472656e+01,4.112101554870605469e+00,nan,nan,6.202977690530019572e+00,3.891232444492827458e+00,2.316220839604086201e+00
3.050300000000000011e+00,7.723899999999996879e-01,2.710815048217773438e+01,4.017690181732177734e+00,nan,nan,7.920853648019033244e+00,5.252767874447355823e+00,2.701522667988485615e+00
1.901900000000000190e+01,3.244099999999999984e+00,2.045416641235351562e+01,3.013019800186157227e+00,nan,nan,5.312666330170827678e+00,3.494667782036315007e+00,1.818313022240347188e+00
5.219100000000000250e+01,8.380399999999999849e+00,2.746965408325195312e+01,4.156783103942871094e+00,nan,nan,8.712531122994619182e+00,5.362457110134611682e+00,3.350778778179830830e+00
4.381600000000000250e+01,8.998300000000000409e+00,2.747091102600097656e+01,4.157773017883300781e+00,nan,nan,8.129675421548085978e+00,4.290430618969450549e+00,3.839723547085470479e+00
1.474200000000000088e+01,1.737899999999999778e+00,2.454092407226562500e+01,3.554937124252319336e+00,nan,nan,5.838396344018178752e+00,3.764410211292754216e+00,2.087662895306295674e+00
4.369499999999998607e+00,7.917000000000000703e-01,2.720667076110839844e+01,4.055803298950195312e+00,nan,nan,7.779393229317861369e+00,5.079119040218840198e+00,2.717159112080282490e+00
1.796300000000000097e+01,3.166799999999999837e+00,2.726551628112792969e+01,4.108138084411621094e+00,nan,nan,5.597158465218740275e+00,3.728351070133696599e+00,1.869742651566213887e+00
5.461899999999999977e+01,8.901699999999999946e+00,2.746933746337890625e+01,4.156658649444580078e+00,nan,nan,9.514600786996084025e+00,5.755014731136808948e+00,3.760121305569357197e+00
3.914999999999999858e+01,8.090700000000000003e+00,2.747105026245117188e+01,4.157346725463867188e+00,nan,nan,7.026134762597280314e+00,3.882990075794707341e+00,3.143630226238912861e+00
1.350200000000000067e+01,1.703599999999999781e+00,2.117746162414550781e+01,2.956832885742187500e+00,nan,nan,5.600483927560048869e+00,3.662249161449919743e+00,1.950287421330160420e+00
5.765299999999999869e+00,1.100600000000000023e+00,2.743599510192871094e+01,4.139560222625732422e+00,nan,nan,7.513901743722158244e+00,4.920775725094328479e+00,2.597194512470907490e+00
2.091600000000000037e+01,3.514800000000000146e+00,2.746067047119140625e+01,4.153885364532470703e+00,nan,nan,5.417498860192495158e+00,3.591431571690093083e+00,1.826096315964407246e+00
5.680300000000000438e+01,9.307199999999999918e+00,2.748180198669433594e+01,4.170815467834472656e+00,nan,nan,1.022670939905663090e+01,6.136798216549406604e+00,4.093399961575216572e+00
3.580599999999999739e+01,7.318399999999999572e+00,2.747879409790039062e+01,4.160885334014892578e+00,nan,nan,6.335648331475454142e+00,3.674094630924712224e+00,2.662227233036703389e+00
1.265400000000000169e+01,1.351799999999999891e+00,2.533550643920898438e+01,3.641229152679443359e+00,nan,nan,6.188656601739126017e+00,3.960183097568999333e+00,2.252106149777120869e+00
6.797000000000000597e+00,1.158599999999999852e+00,2.734989356994628906e+01,4.104666233062744141e+00,nan,nan,7.308627161812978557e+00,4.772406651226530627e+00,2.546981175526327412e+00
2.221199999999999974e+01,3.630199999999999871e+00,2.746472167968750000e+01,4.155836582183837891e+00,nan,nan,5.358279142213064006e+00,3.543889953342925114e+00,1.814394195660299580e+00
5.995900000000000318e+01,1.017600000000000016e+01,2.747159576416015625e+01,4.159639358520507812e+00,nan,nan,1.169930222971458988e+01,6.746902062145720080e+00,4.954465349301046651e+00
3.349900000000000233e+01,6.294900000000000162e+00,2.748628044128417969e+01,4.164362907409667969e+00,nan,nan,5.758147749734121135e+00,3.570764495579253239e+00,2.187884886845297139e+00
1.201599999999999824e+01,1.544799999999999951e+00,2.730597305297851562e+01,4.086601734161376953e+00,nan,nan,6.527929577660756877e+00,4.185548378674040393e+00,2.354686816319174092e+00
8.374900000000000233e+00,1.274399999999999977e+00,2.635672950744628906e+01,3.814130544662475586e+00,nan,nan,6.770303044152456096e+00,4.456777168957243518e+00,2.353339393719381611e+00
1.899500000000000099e+01,2.993000000000000327e+00,2.746624755859375000e+01,4.155433654785156250e+00,nan,nan,5.590035233330922892e+00,3.681540443150054021e+00,1.908506532295889180e+00
6.293300000000000693e+01,1.071700000000000053e+01,2.746900367736816406e+01,4.156019210815429688e+00,nan,nan,1.293504003031273442e+01,7.377352787701140002e+00,5.558123071774191182e+00
3.292199999999999704e+01,5.677000000000000490e+00,2.754302978515625000e+01,4.189552783966064453e+00,nan,nan,5.533731493783193400e+00,3.548578395096312565e+00,1.985790689572042744e+00
1.256200000000000117e+01,1.544799999999999951e+00,2.444557952880859375e+01,3.353886127471923828e+00,nan,nan,5.967096123528676799e+00,3.901658369747649235e+00,2.092165787800497334e+00
1.007400000000000162e+01,1.544799999999999951e+00,2.113664436340332031e+01,2.662848949432373047e+00,nan,nan,5.765831265282827189e+00,3.850916339603911442e+00,1.940988262280172627e+00
1.996599999999999753e+01,3.070199999999999818e+00,2.737473106384277344e+01,4.132434844970703125e+00,nan,nan,5.518888625931936076e+00,3.629401756969939274e+00,1.889867563828176777e+00
6.165800000000000125e+01,1.060099999999999909e+01,2.746907997131347656e+01,4.156120300292968750e+00,nan,nan,1.252520135386009770e+01,7.100568844524870471e+00,5.425342996700948994e+00
3.016199999999999903e+01,4.885299999999999976e+00,2.790009117126464844e+01,4.310064792633056641e+00,nan,nan,5.300596270394521525e+00,3.475993169991026921e+00,1.824816246613210957e+00
1.060500000000000043e+01,1.370999999999999996e+00,2.053960990905761719e+01,2.579488992691040039e+00,nan,nan,5.712654146981435588e+00,3.781471325603972478e+00,1.952846844776815693e+00
1.053800000000000026e+01,1.583400000000000141e+00,2.263042831420898438e+01,2.989424943923950195e+00,nan,nan,5.881810936761098674e+00,3.918775989262114567e+00,1.993184645756429951e+00
2.154400000000000048e+01,3.359900000000000109e+00,2.591347503662109375e+01,3.869565248489379883e+00,nan,nan,5.342647466492849162e+00,3.523900522438536687e+00,1.819342692478842061e+00
6.169500000000000739e+01,1.061999999999999744e+01,2.747018814086914062e+01,4.157168388366699219e+00,nan,nan,1.254420903666039067e+01,7.107961250988493518e+00,5.440023859127706807e+00
2.931199999999999761e+01,4.962600000000000122e+00,2.881443405151367188e+01,4.563913345336914062e+00,nan,nan,5.280153069329458049e+00,3.464947654453764958e+00,1.815288026913351338e+00
9.872199999999999420e+00,1.525500000000000078e+00,1.823780822753906250e+01,2.139527797698974609e+00,nan,nan,5.562587890458303264e+00,3.702883793560515446e+00,1.870742340668386738e+00
1.067999999999999972e+01,1.525500000000000078e+00,2.273852348327636719e+01,3.014158248901367188e+00,nan,nan,5.897053036523061564e+00,3.916165186611662907e+00,2.011390050038046162e+00
2.227199999999999847e+01,3.514400000000000190e+00,1.912405967712402344e+01,2.961684703826904297e+00,nan,nan,5.354275379014211467e+00,3.518707467762480778e+00,1.837816854103750508e+00
6.359199999999999875e+01,1.072100000000000009e+01,2.749156570434570312e+01,4.171875953674316406e+00,nan,nan,1.300128415567894535e+01,7.516251637188444690e+00,5.510261972531027119e+00
2.979800000000000182e+01,4.904600000000000293e+00,2.862088394165039062e+01,4.487936019897460938e+00,nan,nan,5.281067285371022990e+00,3.467615558353911442e+00,1.813535888775533955e+00
8.617599999999999483e+00,1.042699999999999960e+00,1.524070358276367188e+01,1.578204989433288574e+00,nan,nan,5.499777469468313029e+00,3.636854721752654118e+00,1.873331447228140156e+00
1.195499999999999829e+01,1.757200000000000095e+00,2.410874557495117188e+01,3.304027557373046875e+00,nan,nan,5.916386637520986369e+00,3.921710802761565251e+00,2.021714885815328877e+00
2.230900000000000105e+01,3.621599999999999930e+00,2.575122261047363281e+01,3.856924772262573242e+00,nan,nan,5.303882989716726115e+00,3.502349926678191228e+00,1.801767726525015156e+00
6.036400000000000432e+01,9.405599999999999739e+00,2.751002120971679688e+01,4.186626434326171875e+00,nan,nan,1.093645575983543949e+01,6.818289353100309924e+00,4.143833597286886494e+00
3.143599999999999994e+01,5.850799999999999557e+00,2.729864692687988281e+01,4.159405708312988281e+00,nan,nan,5.553220424485402873e+00,3.512182487694273991e+00,2.041046817883199971e+00
8.192800000000001859e+00,1.139299999999999979e+00,1.450356578826904297e+01,1.435568928718566895e+00,nan,nan,5.481647882294851115e+00,3.628089024273406071e+00,1.860893030747122090e+00
1.187299999999999933e+01,1.621999999999999886e+00,2.474212074279785156e+01,3.451071023941040039e+00,nan,nan,6.042205366921621135e+00,3.974982573238860173e+00,2.098147590740865986e+00
2.210300000000000153e+01,3.923299999999999788e+00,2.746721839904785156e+01,4.155145645141601562e+00,nan,nan,5.342746171784597209e+00,3.547593011108885808e+00,1.795163949116415303e+00
6.796999999999999886e+01,9.712699999999999889e+00,2.746903038024902344e+01,4.156067848205566406e+00,nan,nan,1.306184915049095707e+01,8.569710804668913440e+00,4.492675979717916768e+00
3.113300000000000267e+01,5.850799999999999557e+00,2.626818847656250000e+01,3.903107166290283203e+00,nan,nan,5.657002243828969767e+00,3.535824073997984929e+00,2.123741825207418721e+00
5.765299999999999869e+00,3.861900000000004773e-01,2.092613410949707031e+01,2.613689899444580078e+00,nan,nan,6.337189230752187541e+00,4.164158059803495959e+00,2.235341866596884053e+00
1.049899999999999878e+01,1.641300000000000203e+00,2.391645812988281250e+01,3.308024168014526367e+00,nan,nan,6.039431366753774455e+00,4.018415285793791369e+00,2.051703055485433858e+00
2.378900000000000148e+01,4.151600000000000179e+00,2.746852684020996094e+01,4.155697822570800781e+00,nan,nan,5.290399584603505900e+00,3.500088466850768132e+00,1.790315051659292500e+00
6.645300000000000296e+01,9.423099999999999810e+00,2.746899604797363281e+01,4.156007289886474609e+00,nan,nan,1.241224149210472660e+01,8.193985535351286487e+00,4.218580682858175557e+00
3.077199999999999847e+01,5.132999999999999119e+00,2.557903671264648438e+01,3.738013267517089844e+00,nan,nan,5.511339697671132853e+00,3.548227800575743718e+00,1.966269214733785908e+00
5.643899999999998585e+00,4.634299999999997866e-01,2.559834671020507812e+01,3.635981798171997070e+00,nan,nan,7.276050600838857463e+00,4.681926085201750354e+00,2.655211408718771260e+00
1.159099999999999753e+01,1.969599999999999795e+00,2.511487770080566406e+01,3.549606323242187500e+00,nan,nan,6.027671131921010783e+00,4.026980354038725451e+00,2.026099999531454365e+00
2.586300000000000310e+01,3.939200000000000035e+00,2.746897888183593750e+01,4.155953884124755859e+00,nan,nan,5.260265025925832560e+00,3.465928031651030583e+00,1.794341106995291035e+00
6.256900000000000261e+01,9.558299999999999130e+00,2.746898460388183594e+01,4.155967712402343750e+00,nan,nan,1.164202359659691410e+01,7.297319008556852893e+00,4.344929178341573994e+00
3.130800000000000338e+01,5.196200000000000152e+00,2.735971641540527344e+01,4.119602680206298828e+00,nan,nan,5.399921331238942912e+00,3.507071449009429021e+00,1.893186171635336201e+00
3.823299999999999699e+00,2.510200000000000209e-01,2.592278861999511719e+01,3.717260360717773438e+00,nan,nan,7.715283903908925822e+00,4.959787441936979846e+00,2.820533831700033467e+00
1.150599999999999845e+01,1.660600000000000076e+00,2.660044288635253906e+01,3.911663055419921875e+00,nan,nan,6.381635222268300822e+00,4.165564967838774280e+00,2.236239274128622334e+00
2.203000000000000114e+01,3.958499999999999908e+00,2.746898460388183594e+01,4.155966281890869141e+00,nan,nan,5.343718919587331584e+00,3.550082816330443425e+00,1.793640335186666768e+00
6.918399999999999750e+01,1.056200000000000117e+01,2.746898460388183594e+01,4.155967235565185547e+00,nan,nan,1.426271298868675785e+01,8.880763603893766955e+00,5.382371385677999776e+00
2.961499999999999844e+01,4.730900000000000105e+00,2.746557617187500000e+01,4.154008865356445312e+00,nan,nan,5.292160901856618693e+00,3.472338034359465642e+00,1.819843311890310567e+00
3.155699999999999505e+00,2.703299999999999592e-01,2.686863136291503906e+01,3.936517238616943359e+00,nan,nan,8.096342596841054728e+00,5.198516680447111682e+00,2.945458491429037373e+00
1.177400000000000091e+01,1.737899999999999778e+00,2.604921722412109375e+01,3.828238964080810547e+00,nan,nan,6.252729210686879924e+00,4.091585351673613147e+00,2.176167090519613545e+00
2.439600000000000080e+01,3.688099999999999934e+00,2.746847915649414062e+01,4.155678749084472656e+00,nan,nan,5.296767268014150432e+00,3.487315966335784001e+00,1.809457917793936055e+00
5.965600000000000591e+01,1.019500000000000028e+01,2.746898460388183594e+01,4.155968189239501953e+00,nan,nan,1.166885140879173832e+01,6.686506344524870471e+00,4.982581575497335713e+00
2.912999999999999901e+01,4.499100000000000321e+00,2.739225387573242188e+01,4.135221004486083984e+00,nan,nan,5.271176729035573771e+00,3.468002511707793278e+00,1.803234358414358418e+00
3.519899999999999807e+00,5.406699999999999839e-01,2.662763404846191406e+01,3.882439136505126953e+00,nan,nan,7.833283457589345744e+00,5.111067129818449573e+00,2.756894429310507100e+00
1.268400000000000283e+01,2.452300000000000146e+00,2.726985931396484375e+01,4.098784446716308594e+00,nan,nan,6.146568569970327189e+00,4.120507194248686389e+00,2.029487689121908467e+00
2.880400000000000205e+01,4.024499999999999744e+00,2.746794128417968750e+01,4.155658245086669922e+00,nan,nan,5.255223545861440471e+00,3.463464571682463689e+00,1.791762610062307637e+00
5.392800000000000438e+01,9.886499999999999844e+00,2.746912002563476562e+01,4.156174659729003906e+00,nan,nan,1.030348351938744145e+01,5.639621569363127307e+00,4.664191444500631611e+00
2.409300000000000352e+01,4.074300000000000033e+00,2.668673896789550781e+01,4.000734806060791016e+00,nan,nan,5.279169950318532756e+00,3.483433856216918034e+00,1.795719583615011494e+00
4.757899999999999352e+00,5.792899999999998606e-01,2.626004981994628906e+01,3.787667274475097656e+00,nan,nan,7.532607827019887736e+00,4.887366129604826526e+00,2.681279857739157002e+00
1.461200000000000010e+01,2.626100000000000101e+00,2.740172576904296875e+01,4.135112285614013672e+00,nan,nan,5.957062516045766642e+00,3.967697693554411931e+00,1.990632374867147725e+00
3.204299999999999926e+01,5.001199999999999868e+00,2.746927261352539062e+01,4.156242370605468750e+00,nan,nan,5.375884804558950236e+00,3.523093475548277898e+00,1.852801163777059834e+00
5.310199999999999676e+01,9.326599999999999113e+00,2.747398185729980469e+01,4.161037445068359375e+00,nan,nan,9.626679453683095744e+00,5.504617764202604846e+00,4.123454292401022236e+00
2.387099999999999866e+01,4.074300000000000033e+00,2.672481918334960938e+01,4.005962371826171875e+00,nan,nan,5.283009443116384318e+00,3.487539483753691716e+00,1.795447726830190938e+00
5.530499999999999972e+00,4.248099999999999099e-01,2.345065116882324219e+01,3.068109512329101562e+00,nan,nan,6.788881096673208049e+00,4.442817999569426135e+00,2.398438771351522725e+00
1.577900000000000169e+01,2.471600000000000019e+00,2.721710395812988281e+01,4.094778537750244141e+00,nan,nan,5.886103901696401408e+00,3.866073085514555974e+00,2.022540290936178486e+00
3.446999999999999886e+01,5.483900000000000219e+00,2.746899223327636719e+01,4.155987262725830078e+00,nan,nan,5.555219087434011271e+00,3.610647453514586491e+00,1.944578548058218281e+00
5.370799999999999841e+01,9.191399999999999793e+00,2.746899986267089844e+01,4.156008243560791016e+00,nan,nan,9.612994227242666057e+00,5.603520228115568713e+00,4.009634454830831807e+00
2.415399999999999991e+01,3.726799999999999891e+00,2.723066520690917969e+01,4.086950778961181641e+00,nan,nan,5.292609724831777385e+00,3.488609148708830876e+00,1.804107626064962666e+00
6.068699999999999761e+00,4.634299999999997866e-01,1.749510765075683594e+01,1.694922327995300293e+00,nan,nan,5.819802555871206096e+00,3.878725363461028142e+00,1.977632482632345479e+00
1.650700000000000145e+01,2.645399999999999974e+00,2.686284637451171875e+01,4.038424491882324219e+00,nan,nan,5.753491911721425822e+00,3.793512775150786442e+00,1.962610800846761983e+00
3.532000000000000028e+01,5.831500000000000128e+00,2.746898460388183594e+01,4.155968189239501953e+00,nan,nan,5.685951504540639689e+00,3.649991466251860661e+00,2.035967548474020283e+00
5.370799999999999841e+01,9.210699999999999221e+00,2.746898460388183594e+01,4.155970573425292969e+00,nan,nan,9.630154642892080119e+00,5.603524042812834338e+00,4.026753624066061299e+00
2.583699999999999974e+01,3.746100000000000207e+00,2.737686920166015625e+01,4.131660938262939453e+00,nan,nan,5.269540343117910197e+00,3.465694500652800603e+00,1.803861578091329854e+00
6.559499999999999886e+00,2.896399999999994535e-01,-4.355802154541015625e+01,-7.737044811248779297e+00,nan,nan,1.414124062998314457e+01,9.193054749218473987e+00,6.208969076260275166e+00
1.677700000000000102e+01,2.688899999999999846e+00,2.623372268676757812e+01,3.900072336196899414e+00,nan,nan,5.660730156731801799e+00,3.740284516064177556e+00,1.925147374256796162e+00
3.641199999999999903e+01,5.870099999999999874e+00,2.746898460388183594e+01,4.155968189239501953e+00,nan,nan,5.754558119607168010e+00,3.707145525661955876e+00,2.047420700176901143e+00
4.992100000000000648e+01,9.268599999999999284e+00,2.746900558471679688e+01,4.156022548675537109e+00,nan,nan,9.106894526314931682e+00,5.028879477230558948e+00,4.078160484417623799e+00
2.269699999999999918e+01,2.664699999999999847e+00,2.697569656372070312e+01,4.067964553833007812e+00,nan,nan,5.480481180978017619e+00,3.516911401001463933e+00,1.963960965260214131e+00
8.192800000000001859e+00,5.792899999999998606e-01,-2.473134398460388184e-01,-1.000291943550109863e+00,nan,nan,5.746642861199575236e+00,3.732957555500517888e+00,2.058338840588278096e+00
1.865099999999999980e+01,3.186100000000000154e+00,2.201786804199218750e+01,3.098832130432128906e+00,nan,nan,5.328908357453542521e+00,3.515612377373229069e+00,1.813391347511953633e+00
4.314899999999999380e+01,6.854899999999999771e+00,2.746967506408691406e+01,4.156602859497070312e+00,nan,nan,6.651301894021230510e+00,4.224050714222441272e+00,2.427468617542928975e+00
4.794300000000000495e+01,8.264499999999999957e+00,2.754455375671386719e+01,4.197514533996582031e+00,nan,nan,7.962602648568349650e+00,4.753158404079924182e+00,3.224059064968771260e+00
2.184699999999999775e+01,2.954400000000000137e+00,2.642765808105468750e+01,3.974069595336914062e+00,nan,nan,5.411394867730336955e+00,3.527312590328703923e+00,1.884563823326772969e+00
8.071400000000000574e+00,6.758399999999995522e-01,2.122111701965332031e+01,2.686079025268554688e+00,nan,nan,6.112137827706533244e+00,3.997903897015105290e+00,2.160685856922811787e+00
1.802400000000000091e+01,2.993000000000000327e+00,2.020905113220214844e+01,2.733963966369628906e+00,nan,nan,5.326326403451162150e+00,3.502253009525786442e+00,1.824177106007284443e+00
4.464699999999999847e+01,7.028699999999999726e+00,3.116665077209472656e+01,5.184950351715087891e+00,nan,nan,6.100353035760122111e+00,4.024035884586821155e+00,2.101804812534994404e+00
4.703300000000000125e+01,8.206599999999999895e+00,2.941841506958007812e+01,4.736125469207763672e+00,nan,nan,7.186786446404653361e+00,4.416114045826445178e+00,2.821789939984030049e+00
2.045200000000000173e+01,2.626100000000000101e+00,2.496520042419433594e+01,3.638428688049316406e+00,nan,nan,5.419021878075795939e+00,3.531026555744658513e+00,1.889644880875295918e+00
7.161100000000001131e+00,7.530799999999997496e-01,2.461518096923828125e+01,3.395613193511962891e+00,nan,nan,6.734978947472768596e+00,4.393831683842192248e+00,2.397563179119772236e+00
1.960200000000000031e+01,3.128200000000000092e+00,2.449059104919433594e+01,3.472617626190185547e+00,nan,nan,5.361685547661977580e+00,3.544704271999846501e+00,1.818298121079153340e+00
4.693800000000000239e+01,7.607999999999999652e+00,2.747533988952636719e+01,4.160455226898193359e+00,nan,nan,7.465265068841176799e+00,4.638240887371550158e+00,2.829002936466879170e+00
4.727600000000000335e+01,8.669999999999999929e+00,2.762118339538574219e+01,4.220934391021728516e+00,nan,nan,8.152635130715566447e+00,4.660057379452238635e+00,3.508293350323385518e+00
1.899500000000000099e+01,2.529599999999999849e+00,2.080927658081054688e+01,2.813508510589599609e+00,nan,nan,5.317938957047658732e+00,3.494814588276396794e+00,1.823852677925771992e+00
5.826000000000000512e+00,7.144599999999998730e-01,1.552382183074951172e+01,1.623985409736633301e+00,nan,nan,5.671940359902578166e+00,3.777509881702910466e+00,1.915620823486990254e+00
1.962599999999999767e+01,2.973700000000000010e+00,2.670835113525390625e+01,3.935850620269775391e+00,nan,nan,5.497624549699025920e+00,3.618564202038298649e+00,1.882694860085195820e+00
5.006700000000000017e+01,7.569399999999999906e+00,2.746899986267089844e+01,4.156013011932373047e+00,nan,nan,7.859397921395498088e+00,5.049378229824553088e+00,2.810092886074728291e+00
4.879299999999999926e+01,9.847899999999999210e+00,2.746978950500488281e+01,4.156600952148437500e+00,nan,nan,9.498786959481435588e+00,4.874860359875212268e+00,4.624550541027731221e+00
1.420099999999999874e+01,1.583400000000000141e+00,2.517228889465332031e+01,3.551232814788818359e+00,nan,nan,5.958245787453847697e+00,3.836835219112883610e+00,2.136615474804586690e+00
4.976400000000001711e+00,7.917000000000000703e-01,1.730224990844726562e+01,2.013609886169433594e+00,nan,nan,5.870339426827626994e+00,3.939301087109099431e+00,1.961863000973409932e+00
1.978400000000000247e+01,3.128200000000000092e+00,2.730268669128417969e+01,4.098905086517333984e+00,nan,nan,5.511529359650808146e+00,3.635306312290679021e+00,1.877724369152731221e+00
5.164500000000000313e+01,7.588699999999999335e+00,2.746919631958007812e+01,4.156240463256835938e+00,nan,nan,8.100484404397207072e+00,5.279353691784391955e+00,2.821371396168417256e+00
5.128100000000000591e+01,9.635500000000000398e+00,2.746899032592773438e+01,4.155987739562988281e+00,nan,nan,9.643261465859609416e+00,5.224963976589689807e+00,4.418432911022848408e+00
7.136399999999998300e+00,6.951499999999999346e-01,2.552163124084472656e+01,3.594875574111938477e+00,nan,nan,6.976838145089345744e+00,4.500887228695402698e+00,2.518341143711752217e+00
9.103100000000001302e+00,1.486799999999999677e+00,2.685244369506835938e+01,3.994914770126342773e+00,nan,nan,6.762667689156728557e+00,4.436137391773710803e+00,2.340649684055990498e+00
1.866400000000000148e+01,3.668800000000000061e+00,2.746788597106933594e+01,4.155801773071289062e+00,nan,nan,5.510424170327382853e+00,3.699445559231291814e+00,1.810984333141989033e+00
6.360000000000000853e+01,1.071700000000000053e+01,2.746921539306640625e+01,4.156383037567138672e+00,nan,nan,1.308058026773949223e+01,7.526074959484587268e+00,5.555744131191915791e+00
2.858399999999999963e+01,5.020500000000000185e+00,2.746878623962402344e+01,4.156529426574707031e+00,nan,nan,5.317371043992238810e+00,3.461786641327391667e+00,1.855588217362112324e+00
5.339600000000000790e+00,5.213599999999996015e-01,2.211079406738281250e+01,2.743497133255004883e+00,nan,nan,6.499796185326772502e+00,4.319629384724150256e+00,2.231555541142172139e+00
1.007400000000000162e+01,1.892300000000000093e+00,2.442328643798828125e+01,3.534417390823364258e+00,nan,nan,6.115703377556997111e+00,4.097015692440519885e+00,2.036249240025228779e+00
2.286699999999999733e+01,3.812600000000000211e+00,2.746959495544433594e+01,4.156447887420654297e+00,nan,nan,5.324521694016652873e+00,3.523912443367491765e+00,1.800616224392599385e+00
6.074800000000000466e+01,1.085200000000000031e+01,2.746902847290039062e+01,4.156040191650390625e+00,nan,nan,1.262346890909691410e+01,6.909268929211149768e+00,5.714662511929220479e+00
2.803800000000000026e+01,4.672900000000000276e+00,2.747385597229003906e+01,4.159862518310546875e+00,nan,nan,5.272223982644277385e+00,3.458908213821898503e+00,1.813319225891775410e+00
5.947399999999998244e+00,4.634299999999997866e-01,2.231179428100585938e+01,2.742006063461303711e+00,nan,nan,6.461604866814809611e+00,4.277170492855558948e+00,2.254446108921713154e+00
1.195499999999999829e+01,1.931000000000000050e+00,1.285863876342773438e+01,1.673132061958312988e+00,nan,nan,5.362413320374685100e+00,3.520375026909361882e+00,1.843860109432882588e+00
2.718800000000000239e+01,3.997100000000000097e+00,2.746915435791015625e+01,4.156110763549804688e+00,nan,nan,5.250600728821950725e+00,3.458139969555388493e+00,1.792464991196340840e+00
5.856300000000000239e+01,1.042699999999999960e+01,2.746908187866210938e+01,4.156072139739990234e+00,nan,nan,1.170268777353783207e+01,6.470928980556974963e+00,5.232202013119406026e+00
2.694500000000000028e+01,4.248099999999999987e+00,2.747593307495117188e+01,4.160785198211669922e+00,nan,nan,5.249862704110341838e+00,3.458803786484252019e+00,1.791063447579092305e+00
7.100400000000000489e+00,7.144599999999998730e-01,8.856596946716308594e+00,2.659652829170227051e-01,nan,nan,5.424098405671315959e+00,3.541702045647154851e+00,1.885971446617788594e+00
1.365499999999999936e+01,2.355799999999999450e+00,1.475276565551757812e+01,1.738421082496643066e+00,nan,nan,5.387453708481984904e+00,3.517188026157866521e+00,1.871854503735250752e+00
2.755199999999999960e+01,4.054999999999999716e+00,2.746895980834960938e+01,4.155971050262451172e+00,nan,nan,5.249025020432668498e+00,3.457912041393767399e+00,1.791116912945455830e+00
5.898799999999999955e+01,1.077500000000000036e+01,2.746899795532226562e+01,4.156002998352050781e+00,nan,nan,1.217867043955345707e+01,6.553885294643889026e+00,5.625115354641622822e+00
2.730900000000000105e+01,4.170899999999999608e+00,2.747287559509277344e+01,4.158851146697998047e+00,nan,nan,5.248341951203542521e+00,3.457995487896452946e+00,1.790350933655447285e+00
7.039699999999999847e+00,5.599799999999999223e-01,-6.415314674377441406e+00,-1.958427548408508301e+00,nan,nan,6.245102200341420939e+00,4.013398482052336291e+00,2.338765104397482197e+00
1.432200000000000095e+01,2.510299999999999976e+00,2.369369888305664062e+01,3.282631635665893555e+00,nan,nan,5.604274544549184611e+00,3.743358446804534001e+00,1.871178110226339619e+00
2.906900000000000261e+01,4.228799999999999670e+00,2.746465110778808594e+01,4.154725551605224609e+00,nan,nan,5.256740603280263713e+00,3.465951098648558659e+00,1.790794571026510518e+00
5.850300000000000011e+01,1.046599999999999930e+01,2.746910667419433594e+01,4.156158447265625000e+00,nan,nan,1.173288587076683598e+01,6.459297730175505237e+00,5.274308641537374776e+00
2.876599999999999824e+01,4.074300000000000033e+00,2.748164176940917969e+01,4.164982795715332031e+00,nan,nan,5.254283222985463908e+00,3.463108255115996403e+00,1.791179080589956563e+00
6.675599999999999312e+00,4.634299999999997866e-01,-2.085873603820800781e+00,-1.221085667610168457e+00,nan,nan,5.784751210046010783e+00,3.750107361523161931e+00,2.084314783199972432e+00
1.541499999999999915e+01,2.548900000000000166e+00,2.446044731140136719e+01,3.427285432815551758e+00,nan,nan,5.594980034661489299e+00,3.722714020458708806e+00,1.881522436722463887e+00
3.064800000000000324e+01,4.711599999999999788e+00,2.709630966186523438e+01,4.113011837005615234e+00,nan,nan,5.320962104630666545e+00,3.498788251129637761e+00,1.822335560902303975e+00
5.637899999999999778e+01,9.423099999999999810e+00,2.747522354125976562e+01,4.161450386047363281e+00,nan,nan,1.025074676020165043e+01,6.060635639873991565e+00,4.199233015164083760e+00
2.931199999999999761e+01,4.267400000000000304e+00,2.748091316223144531e+01,4.179702281951904297e+00,nan,nan,5.260189328026967814e+00,3.468779339043150944e+00,1.791414518936819356e+00
6.190100000000001046e+00,4.248099999999999099e-01,1.908007740974426270e+00,-6.118380427360534668e-01,nan,nan,5.528685245347219279e+00,3.595588459221373601e+00,1.952527304276174824e+00
1.602100000000000080e+01,2.355799999999999450e+00,2.434379386901855469e+01,3.402866363525390625e+00,nan,nan,5.582725319695668986e+00,3.684634520260344548e+00,1.907599766834921162e+00
3.343900000000000006e+01,5.464599999999999902e+00,2.751250648498535156e+01,4.220627307891845703e+00,nan,nan,5.495280418229299357e+00,3.567565454689513249e+00,1.927867074593252461e+00
5.480100000000000193e+01,8.901699999999999946e+00,2.788762283325195312e+01,4.333837509155273438e+00,nan,nan,9.220258269143300822e+00,5.702858759609709338e+00,3.575471838101095479e+00
2.501000000000000156e+01,3.798099999999999810e+00,2.218225288391113281e+01,3.233810663223266602e+00,nan,nan,5.335521135163503459e+00,3.502438379971037907e+00,1.834616382702535908e+00
6.979099999999998971e+00,5.792899999999998606e-01,-3.245444297790527344e+00,-1.464633584022521973e+00,nan,nan,5.935588393044668010e+00,3.820986105648528142e+00,2.182310302838033955e+00
1.690800000000000125e+01,2.664699999999999847e+00,2.461238098144531250e+01,3.464471578598022461e+00,nan,nan,5.516934904885488322e+00,3.654459788052092595e+00,1.869489093407339375e+00
3.337800000000000011e+01,5.696299999999999919e+00,2.747053909301757812e+01,4.157564640045166016e+00,nan,nan,5.564611468148427775e+00,3.566686226574431462e+00,1.998045285328573506e+00
6.226500000000000057e+01,8.882400000000000517e+00,2.747126579284667969e+01,4.157762527465820312e+00,nan,nan,1.096803525431175785e+01,7.230138375011931018e+00,3.741212804897970479e+00
2.380199999999999960e+01,3.128200000000000092e+00,1.920826911926269531e+01,2.555563688278198242e+00,nan,nan,5.393713507485585978e+00,3.550587548462401433e+00,1.846936543568319600e+00
5.279799999999998050e+00,1.930999999999998273e-01,9.514573097229003906e+00,5.596495270729064941e-01,nan,nan,5.446204933953481486e+00,3.579600168911467595e+00,1.874706228359884541e+00
1.553599999999999959e+01,2.645399999999999974e+00,2.389208030700683594e+01,3.337960958480834961e+00,nan,nan,5.540065560174184611e+00,3.688683463779936833e+00,1.859054346665090840e+00
3.453099999999999881e+01,5.580499999999999794e+00,2.746913909912109375e+01,4.156223773956298828e+00,nan,nan,5.581221613717275432e+00,3.613318158833037419e+00,1.967932184323019307e+00
6.360000000000000853e+01,9.017599999999999838e+00,2.746900177001953125e+01,4.156007766723632812e+00,nan,nan,1.138498738749046879e+01,7.526166989056120471e+00,3.859072645291036885e+00
2.445699999999999719e+01,2.935099999999999820e+00,2.616703224182128906e+01,3.807448625564575195e+00,nan,nan,5.338926467728811076e+00,3.473130776134978337e+00,1.866349835976309102e+00
2.791599999999998971e+00,9.654800000000030025e-02,2.202000808715820312e+01,2.833749294281005859e+00,nan,nan,6.927521977257924846e+00,4.577166272846708850e+00,2.438099821194357197e+00
1.617200000000000060e+01,2.548900000000000166e+00,1.890815353393554688e+01,2.567118167877197266e+00,nan,nan,5.342812332940297892e+00,3.518387927261839909e+00,1.825642784222311299e+00
3.538100000000000023e+01,5.541900000000000048e+00,2.746914672851562500e+01,4.156221389770507812e+00,nan,nan,5.611371550393300822e+00,3.652983261791716618e+00,1.958415706738180440e+00
6.602800000000000580e+01,9.674099999999999255e+00,2.746899223327636719e+01,4.155991077423095703e+00,nan,nan,1.254655793650169926e+01,8.091290070263395862e+00,4.455583294018453877e+00
2.136199999999999832e+01,2.433000000000000274e+00,2.731188392639160156e+01,4.094039440155029297e+00,nan,nan,5.602360997033315471e+00,3.569265736786376042e+00,2.034678180798239033e+00
3.459199999999999164e+00,3.861900000000004773e-01,2.559726142883300781e+01,3.609260320663452148e+00,nan,nan,7.561338696313100627e+00,4.959740950314055041e+00,2.679133852108663838e+00
1.608200000000000074e+01,2.761299999999999866e+00,1.324465560913085938e+01,1.861600518226623535e+00,nan,nan,5.427618417573171428e+00,3.536478056160460515e+00,1.897823949440664570e+00
4.017499999999999716e+01,6.101799999999999891e+00,2.747824859619140625e+01,4.163593292236328125e+00,nan,nan,6.079295668435293010e+00,3.960305763927947087e+00,2.119661410435385029e+00
5.559000000000000341e+01,9.616199999999999193e+00,2.746925354003906250e+01,4.156226634979248047e+00,nan,nan,1.032069686396141606e+01,5.922259165493498401e+00,4.399060686215109151e+00
1.990500000000000114e+01,2.626100000000000101e+00,2.704189682006835938e+01,4.029002666473388672e+00,nan,nan,5.584027561974721721e+00,3.619110478607665105e+00,1.968082626446432393e+00
3.519899999999999807e+00,4.827399999999997249e-01,2.687366485595703125e+01,3.945587873458862305e+00,nan,nan,7.917254957986074260e+00,5.144857718197355823e+00,2.821450431927389424e+00
1.632499999999999929e+01,2.915799999999999947e+00,1.490799903869628906e+01,2.215223789215087891e+00,nan,nan,5.377667937112050822e+00,3.514160706249724431e+00,1.866755087956136983e+00
4.108500000000000085e+01,6.546000000000000263e+00,2.747795677185058594e+01,4.163599491119384766e+00,nan,nan,6.321064505410390666e+00,4.034911109653959826e+00,2.287090023144430440e+00
4.982399999999999807e+01,9.172100000000000364e+00,2.747207450866699219e+01,4.157866001129150391e+00,nan,nan,9.002234492135244182e+00,5.014772726742277698e+00,3.989077289684957783e+00
1.960200000000000031e+01,2.838499999999999801e+00,2.444006347656250000e+01,3.562579154968261719e+00,nan,nan,5.392786655259328654e+00,3.544476701466094060e+00,1.850929160698599141e+00
3.398499999999998522e+00,5.599799999999999223e-01,2.689430618286132812e+01,3.947360038757324219e+00,nan,nan,7.911276373696523478e+00,5.168189598766813830e+00,2.781095822437948506e+00
1.721699999999999875e+01,2.896399999999999864e+00,2.387888908386230469e+01,3.532843828201293945e+00,nan,nan,5.446244034600454142e+00,3.609428538528929753e+00,1.839552660568899434e+00
4.430199999999999960e+01,6.854899999999999771e+00,2.748272895812988281e+01,4.168083190917968750e+00,nan,nan,6.758941683602529338e+00,4.339409305302153186e+00,2.421442707165426533e+00
4.800399999999999778e+01,8.863099999999999312e+00,2.747681999206542969e+01,4.160440921783447266e+00,nan,nan,8.491442713570791057e+00,4.770863844601164416e+00,3.723065813168234151e+00
1.680799999999999983e+01,2.595000000000000195e+00,1.987975692749023438e+01,2.835916757583618164e+00,nan,nan,5.342586312127309611e+00,3.519990338531981511e+00,1.824118335827535908e+00
3.650400000000001199e+00,8.260199999999997544e-01,2.547749900817871094e+01,3.547293901443481445e+00,nan,nan,7.305045399499135783e+00,4.922590090481291369e+00,2.433563788517660420e+00
1.887599999999999767e+01,2.928100000000000147e+00,2.655207824707031250e+01,3.979019880294799805e+00,nan,nan,5.534304532838064006e+00,3.645073487011443181e+00,1.891354282482809346e+00
4.982399999999999807e+01,7.723900000000000432e+00,2.749047660827636719e+01,4.178250789642333984e+00,nan,nan,7.894365343880849650e+00,5.012007548061857776e+00,2.886278231724447529e+00
2.014799999999999969e+01,3.147499999999999964e+00,2.627724075317382812e+01,3.942526578903198242e+00,nan,nan,5.429381761384206584e+00,3.580026580540190739e+00,1.850686927422231953e+00
4.842899999999999494e+01,7.665900000000000603e+00,2.748130226135253906e+01,4.166324138641357422e+00,nan,nan,7.683761153054433635e+00,4.825256182400236682e+00,2.860476930721945088e+00
4.351300000000000523e+01,7.917000000000000703e+00,2.747473144531250000e+01,4.160200595855712891e+00,nan,nan,7.281170401406484416e+00,4.259475304333220080e+00,3.023408134564108174e+00
1.711400000000000077e+01,2.799900000000000055e+00,2.698199081420898438e+01,3.989262819290161133e+00,nan,nan,5.680396828484731486e+00,3.762777878490935368e+00,1.921197076424307149e+00
6.311499999999998778e+00,1.023400000000000087e+00,1.693305587768554688e+01,1.778490900993347168e+00,nan,nan,5.708169255089956096e+00,3.829532577244292302e+00,1.899982650860494893e+00
2.125099999999999767e+01,3.224699999999999900e+00,2.645277023315429688e+01,3.951266527175903320e+00,nan,nan,5.388363752198415568e+00,3.547225727287779851e+00,1.842307468041128438e+00
5.480100000000000193e+01,8.496199999999999974e+00,2.747062492370605469e+01,4.158007144927978516e+00,nan,nan,9.218479189706044963e+00,5.785585476604948596e+00,3.434767444714254658e+00
4.088300000000000267e+01,7.086599999999999788e+00,2.758740615844726562e+01,4.210736751556396484e+00,nan,nan,6.512876543832021525e+00,4.008754326550016955e+00,2.511297543629354756e+00
1.620400000000000063e+01,2.471600000000000019e+00,2.511047172546386719e+01,3.519620895385742188e+00,nan,nan,5.608547959161001017e+00,3.711949779240141911e+00,1.903867800816244404e+00
7.646599999999999397e+00,1.351700000000000124e+00,9.980849266052246094e+00,5.967417359352111816e-01,nan,nan,5.453155431580739787e+00,3.545745803562651677e+00,1.907510717495626729e+00
2.190800000000000125e+01,3.591600000000000126e+00,2.597259140014648438e+01,3.850441455841064453e+00,nan,nan,5.321729574036794475e+00,3.517031504360686345e+00,1.805211027249044697e+00
5.419699999999999562e+01,8.650700000000000500e+00,2.748144531250000000e+01,4.165225505828857422e+00,nan,nan,9.216815028023916057e+00,5.681332661358366565e+00,3.542938907726949971e+00
3.956800000000000495e+01,6.700400000000000134e+00,2.789448738098144531e+01,4.326968669891357422e+00,nan,nan,6.156731877160268596e+00,3.883302404133330388e+00,2.284086068257040303e+00
1.596099999999999852e+01,2.355799999999999450e+00,2.233785247802734375e+01,2.950066328048706055e+00,nan,nan,5.447766337228017619e+00,3.602719618526946110e+00,1.849365492447561543e+00
7.707300000000000040e+00,1.448200000000000376e+00,4.984744071960449219e+00,-2.005288004875183105e-01,nan,nan,5.613446268868642619e+00,3.561133100239287419e+00,2.070971687420553486e+00
2.221199999999999974e+01,3.726799999999999891e+00,2.373797988891601562e+01,3.463646411895751953e+00,nan,nan,5.293976340127187541e+00,3.482248141018401189e+00,1.811790307148641865e+00
5.613600000000000279e+01,8.959699999999999775e+00,2.761910247802734375e+01,4.236750125885009766e+00,nan,nan,9.657437834572988322e+00,5.985742880550871448e+00,3.709603746517843526e+00
3.665500000000000114e+01,7.047999999999999154e+00,2.945244407653808594e+01,4.754735469818115234e+00,nan,nan,5.872364315819936564e+00,3.626689149586211247e+00,2.253676732166952412e+00
1.456499999999999950e+01,1.737899999999999778e+00,1.342683792114257812e+01,1.244755864143371582e+00,nan,nan,5.376685056519704631e+00,3.515811039654265446e+00,1.864876170738882344e+00
7.790700000000001069e+00,1.390299999999999869e+00,7.502860069274902344e+00,2.036021351814270020e-01,nan,nan,5.501866493058400920e+00,3.536489202229033513e+00,1.971890528782552998e+00
2.306099999999999994e+01,3.746100000000000207e+00,2.347660446166992188e+01,3.418571472167968750e+00,nan,nan,5.292310628724294475e+00,3.476760222164641423e+00,1.815925975426382344e+00
5.692499999999999716e+01,9.094799999999999329e+00,2.751161003112792969e+01,4.184998035430908203e+00,nan,nan,1.000414708597679692e+01,6.151141716686735705e+00,3.875310857876486104e+00
3.659499999999999886e+01,7.685200000000000031e+00,2.798832130432128906e+01,4.324284076690673828e+00,nan,nan,6.459904703927236369e+00,3.690321280209075017e+00,2.774306853398031514e+00
1.365499999999999936e+01,1.525500000000000078e+00,1.616665267944335938e+01,1.682595133781433105e+00,nan,nan,5.367866787743764689e+00,3.523901416508208317e+00,1.847043533905691426e+00
8.132099999999997664e+00,1.486799999999999677e+00,7.220311164855957031e+00,1.614211201667785645e-01,nan,nan,5.528177056145864299e+00,3.539151622501860661e+00,1.998058994396871846e+00
2.014799999999999969e+01,3.475699999999999790e+00,2.598965072631835938e+01,3.819240570068359375e+00,nan,nan,5.383891734910207560e+00,3.571962489334593815e+00,1.813209791763967793e+00
6.118200000000000216e+01,9.674099999999999255e+00,2.757816886901855469e+01,4.228887081146240234e+00,nan,nan,1.128888419611473637e+01,6.971753670422087268e+00,4.349690635784811299e+00
3.689800000000000324e+01,8.399699999999999278e+00,2.746499061584472656e+01,4.162178993225097656e+00,nan,nan,7.097046646905141642e+00,3.735257579533110661e+00,3.361804445370382588e+00
9.892099999999999227e+00,9.847900000000002763e-01,2.579530715942382812e+01,3.669488668441772461e+00,nan,nan,6.621039662194448283e+00,4.240982248035917834e+00,2.417068918331808369e+00
7.282499999999998863e+00,1.177900000000000169e+00,2.247891616821289062e+01,2.961650609970092773e+00,nan,nan,6.212472472024160197e+00,4.168533636776457385e+00,2.089924533947653096e+00
1.948099999999999810e+01,3.456399999999999917e+00,2.650733375549316406e+01,3.925742387771606445e+00,nan,nan,5.433810028863149455e+00,3.616415812222014470e+00,1.818838317974752705e+00
6.139000000000000057e+01,9.751400000000000290e+00,2.750132179260253906e+01,4.179293155670166016e+00,nan,nan,1.151473000986595707e+01,7.035058571545134143e+00,4.492691000088400166e+00
3.573100000000000165e+01,8.631399999999999295e+00,2.746518516540527344e+01,4.155105590820312500e+00,nan,nan,7.214904341530996135e+00,3.670835091320525212e+00,3.544130046948141377e+00
8.981700000000000017e+00,1.023400000000000087e+00,2.726371955871582031e+01,4.074367046356201172e+00,nan,nan,7.080053839516835978e+00,4.497197343555937366e+00,2.599371035679525654e+00
6.257100000000001216e+00,1.004100000000000215e+00,2.682308006286621094e+01,3.955102920532226562e+00,nan,nan,7.277001175713735392e+00,4.766743494717131213e+00,2.545468528851217549e+00
1.899500000000000099e+01,3.456399999999999917e+00,2.635090446472167969e+01,3.901939392089843750e+00,nan,nan,5.446268472504812053e+00,3.631239725796233220e+00,1.816352506264395039e+00
6.671399999999999864e+01,1.033099999999999952e+01,2.747469711303710938e+01,4.160825252532958984e+00,nan,nan,1.336534646494408207e+01,8.255525185314665393e+00,5.115637739285177510e+00
4.138899999999999579e+01,8.071400000000000574e+00,2.746836090087890625e+01,4.155818462371826172e+00,nan,nan,7.194063458275991252e+00,4.061823083607206897e+00,3.132282932385153096e+00
7.836600000000000676e+00,8.882399999999992524e-01,2.744443130493164062e+01,4.142420291900634766e+00,nan,nan,7.362444195580678752e+00,4.655372454372892932e+00,2.713472564800924580e+00
6.270700000000001495e+00,9.075499999999996348e-01,2.734151077270507812e+01,4.107578754425048828e+00,nan,nan,7.506253275704580119e+00,4.838724209515104846e+00,2.681712468250936787e+00
1.881299999999999883e+01,3.282599999999999962e+00,2.614174079895019531e+01,3.875079154968261719e+00,nan,nan,5.458149943185048869e+00,3.630575014797698064e+00,1.829322715386099141e+00
6.645300000000000296e+01,1.042699999999999960e+01,2.747029876708984375e+01,4.157291889190673828e+00,nan,nan,1.341879704935570317e+01,8.193443371502409533e+00,5.227916200741476338e+00
4.248100000000000165e+01,7.279700000000000060e+00,2.746898460388183594e+01,4.155997753143310547e+00,nan,nan,6.804546150994497111e+00,4.160230828968535022e+00,2.644342620953268330e+00
7.044100000000000250e+00,8.109999999999999432e-01,2.744617271423339844e+01,4.143260955810546875e+00,nan,nan,7.506579909157949260e+00,4.754384113995085315e+00,2.758419712170309346e+00
7.176600000000000534e+00,1.398299999999999876e+00,2.744048118591308594e+01,4.142715454101562500e+00,nan,nan,7.181597981286245158e+00,4.736916853634367541e+00,2.448722680195516865e+00
1.741700000000000159e+01,3.128200000000000092e+00,2.621518707275390625e+01,3.903387546539306641e+00,nan,nan,5.550493273568349650e+00,3.703159643856535954e+00,1.849769313915914815e+00
6.159799999999999898e+01,1.056200000000000117e+01,2.746923828125000000e+01,4.156331539154052734e+00,nan,nan,1.246709683878441410e+01,7.087738587109098987e+00,5.380421598538107197e+00
3.661599999999999966e+01,6.140500000000000291e+00,2.746916961669921875e+01,4.156271457672119141e+00,nan,nan,5.853564295602041057e+00,3.718673063961516423e+00,2.134904821499532979e+00
6.493600000000000705e+00,7.723899999999996879e-01,2.723271560668945312e+01,4.068483352661132812e+00,nan,nan,7.508727822137075236e+00,4.794495655743132190e+00,2.733824093922323506e+00
8.487899999999999778e+00,1.678500000000000103e+00,2.745333671569824219e+01,4.148355484008789062e+00,nan,nan,6.900687966180043986e+00,4.578554584232817248e+00,2.324130972012228291e+00
2.266800000000000281e+01,3.029700000000000060e+00,2.738472747802734375e+01,4.134674549102783203e+00,nan,nan,5.425689730477529338e+00,3.527861489502440495e+00,1.898129542454427998e+00
5.692499999999999716e+01,1.052400000000000091e+01,2.747067070007324219e+01,4.158197402954101562e+00,nan,nan,1.149406054956932621e+01,6.161478592602263049e+00,5.334082086666769307e+00
3.137500000000000000e+01,5.252200000000000202e+00,2.747018623352050781e+01,4.157251358032226562e+00,nan,nan,5.401087078881460002e+00,3.505638732162962956e+00,1.895456989391989033e+00
5.503899999999998016e+00,1.055700000000000305e+00,2.632526779174804688e+01,3.809638500213623047e+00,nan,nan,7.207761320901113322e+00,4.796684099880705432e+00,2.449632485493368428e+00
9.355399999999999494e+00,1.589199999999999946e+00,2.739009475708007812e+01,4.126835823059082031e+00,nan,nan,6.819559845757680705e+00,4.470709039417753772e+00,2.353627760990804951e+00
2.515699999999999648e+01,2.888399999999999856e+00,2.746872901916503906e+01,4.155946731567382812e+00,nan,nan,5.405411515069204142e+00,3.474544777122984929e+00,1.930870910271353047e+00
5.631800000000001205e+01,1.108400000000000141e+01,2.746904754638671875e+01,4.156126499176025391e+00,nan,nan,1.204166177256126957e+01,6.051573826519499377e+00,5.990618665798849385e+00
2.991900000000000048e+01,4.769499999999999851e+00,2.746984672546386719e+01,4.156864166259765625e+00,nan,nan,5.299730214905935100e+00,3.476603461948882146e+00,1.823131580933279317e+00
6.114399999999999835e+00,7.590799999999995329e-01,2.307685470581054688e+01,2.945738792419433594e+00,nan,nan,6.508730921578603557e+00,4.340540243832121448e+00,2.218370993717855733e+00
1.165299999999999692e+01,1.908900000000000041e+00,2.541144180297851562e+01,3.694190502166748047e+00,nan,nan,6.107794556451040080e+00,4.046961261478910998e+00,2.076594789608663838e+00
2.698499999999999943e+01,3.276100000000000012e+00,2.746899223327636719e+01,4.155982971191406250e+00,nan,nan,5.316618356538015178e+00,3.458620979038725896e+00,1.858001013382620137e+00
5.686399999999999721e+01,1.054299999999999926e+01,2.746898841857910156e+01,4.155981540679931641e+00,nan,nan,1.151152614099999028e+01,6.150695158688078479e+00,5.361071546658224385e+00
2.893699999999999761e+01,4.397999999999999687e+00,2.747778892517089844e+01,4.162304878234863281e+00,nan,nan,5.260060105157094767e+00,3.464575125423918767e+00,1.795491655453390401e+00
8.533599999999999852e+00,8.919000000000001371e-01,2.177317619323730469e+01,2.649026632308959961e+00,nan,nan,6.046205553841787150e+00,4.004640413967619494e+00,2.090065916165060322e+00
1.333000000000000007e+01,2.081700000000000106e+00,1.163735675811767578e+01,1.377437472343444824e+00,nan,nan,5.405920657944875529e+00,3.529279603210936589e+00,1.882272501572317402e+00
2.559499999999999886e+01,3.779500000000000082e+00,2.746899032592773438e+01,4.155979633331298828e+00,nan,nan,5.271466407609182170e+00,3.468834830967436833e+00,1.802635868176168721e+00
6.002000000000001023e+01,1.033099999999999952e+01,2.746898460388183594e+01,4.155971527099609375e+00,nan,nan,1.188766339762230473e+01,6.759940697399626330e+00,5.127978284939474385e+00
1.902499999999999858e+01,3.320300000000000029e+00,2.746897315979003906e+01,4.155958175659179688e+00,nan,nan,5.531490835976796916e+00,3.680099202839385075e+00,1.851397235974020283e+00
4.915699999999999648e+01,8.399699999999999278e+00,2.746902847290039062e+01,4.156077384948730469e+00,nan,nan,8.290119204354482463e+00,4.923781229702482776e+00,3.366467912777609151e+00
3.753199999999999648e+01,7.704500000000000348e+00,2.746925544738769531e+01,4.156220912933349609e+00,nan,nan,6.665493283105092814e+00,3.773473216740141911e+00,2.892126520260519307e+00
1.519800000000000040e+01,2.265699999999999825e+00,2.266261291503906250e+01,3.307296037673950195e+00,nan,nan,5.543168220353322795e+00,3.647821737972746892e+00,1.902233799084371846e+00
6.114499999999999602e+00,1.148099999999999898e+00,2.746244430541992188e+01,4.152119636535644531e+00,nan,nan,7.456532988381582072e+00,4.878028942791472033e+00,2.579677184208578389e+00
2.064099999999999824e+01,3.355199999999999960e+00,2.746899986267089844e+01,4.155990600585937500e+00,nan,nan,5.449555430245595744e+00,3.603185428825865788e+00,1.846376438721365254e+00
5.146300000000000097e+01,8.689299999999999358e+00,2.746898841857910156e+01,4.155984878540039062e+00,nan,nan,8.841117415261464885e+00,5.252079321590910510e+00,3.589136322125143330e+00
3.574499999999999744e+01,7.337699999999999889e+00,2.746900749206542969e+01,4.156016826629638672e+00,nan,nan,6.347664627862172892e+00,3.671351386753569646e+00,2.676333268269247334e+00
1.552599999999999980e+01,2.149000000000000021e+00,2.703301239013671875e+01,4.021354675292968750e+00,nan,nan,5.965008292031484416e+00,3.871374322620879216e+00,2.100920279606527608e+00
8.985900000000000887e+00,1.470699999999999896e+00,2.710750389099121094e+01,4.019777774810791016e+00,nan,nan,6.818563732934194377e+00,4.478200628010283069e+00,2.357933600529379170e+00
2.105699999999999861e+01,3.362999999999999989e+00,2.746899414062500000e+01,4.155987262725830078e+00,nan,nan,5.431290063691335490e+00,3.586019469944487614e+00,1.845276852234548848e+00
5.848899999999999721e+01,9.522800000000000153e+00,2.746898460388183594e+01,4.155969619750976562e+00,nan,nan,1.076792195780296879e+01,6.456639839855681018e+00,4.311462600811666768e+00
3.162699999999999889e+01,5.960399999999999920e+00,2.746906852722167969e+01,4.156090259552001953e+00,nan,nan,5.586989674401479533e+00,3.511775387970458073e+00,2.075227101429647725e+00
1.519400000000000084e+01,2.105599999999999916e+00,2.723691177368164062e+01,4.064774990081787109e+00,nan,nan,6.033170971703725627e+00,3.910206629482756657e+00,2.129508097752279561e+00
9.667899999999999494e+00,1.464299999999999713e+00,2.596265983581542969e+01,3.725408554077148438e+00,nan,nan,6.484070334267812541e+00,4.278633906094084338e+00,2.242008526905721943e+00
2.111699999999999733e+01,3.692400000000000126e+00,2.746782875061035156e+01,4.155684471130371094e+00,nan,nan,5.392605576348501017e+00,3.583591176716338200e+00,1.809020538910574238e+00
6.098699999999999477e+01,1.015799999999999947e+01,2.746898651123046875e+01,4.155981063842773438e+00,nan,nan,1.190232995493431645e+01,6.959035946575651721e+00,4.943564136608785908e+00
3.031300000000000239e+01,5.147899999999999920e+00,2.754063987731933594e+01,4.189495086669921875e+00,nan,nan,5.355076584649282267e+00,3.482351018635283513e+00,1.872904379948324483e+00
1.353500000000000192e+01,2.043200000000000127e+00,2.575382804870605469e+01,3.681002616882324219e+00,nan,nan,5.946553740334707072e+00,3.924666597095976872e+00,2.035286505802816670e+00
9.889900000000000801e+00,1.492400000000000393e+00,2.609326934814453125e+01,3.761589050292968750e+00,nan,nan,6.482525143456655314e+00,4.270360900608549670e+00,2.244568904026693623e+00
2.105900000000000105e+01,4.054999999999999716e+00,2.696223831176757812e+01,4.043609619140625000e+00,nan,nan,5.362316522431569865e+00,3.568702949730406804e+00,1.793578227146810811e+00
6.150000000000000000e+01,1.015700000000000003e+01,2.746977806091308594e+01,4.156709194183349609e+00,nan,nan,1.200384477121849613e+01,7.066688610760222033e+00,4.939158399685568135e+00
3.226099999999999568e+01,5.754299999999999748e+00,2.816091156005859375e+01,4.392582893371582031e+00,nan,nan,5.471176895928579142e+00,3.513598872868071599e+00,1.959069569691366475e+00
1.256200000000000117e+01,1.815100000000000158e+00,2.580690956115722656e+01,3.694795370101928711e+00,nan,nan,6.096017155480581096e+00,4.004651738850126819e+00,2.106810291393942158e+00
9.527899999999998926e+00,1.370999999999999996e+00,2.570053291320800781e+01,3.662136793136596680e+00,nan,nan,6.484435114693837932e+00,4.266554190365324573e+00,2.253374178990072529e+00
2.172599999999999909e+01,3.398499999999999854e+00,2.489058113098144531e+01,3.665679931640625000e+00,nan,nan,5.306927118134694865e+00,3.500022007671843571e+00,1.807302554234213154e+00
6.099100000000001387e+01,9.925200000000000244e+00,2.749822235107421875e+01,4.174467563629150391e+00,nan,nan,1.159771398050804692e+01,6.951191975323210315e+00,4.664695461376852315e+00
3.061199999999999832e+01,6.082499999999999574e+00,2.877365875244140625e+01,4.534963607788085938e+00,nan,nan,5.480406555962758830e+00,3.474498345104704899e+00,2.006501992329305928e+00
1.041799999999999926e+01,1.486799999999999677e+00,2.518510627746582031e+01,3.548925876617431641e+00,nan,nan,6.281022581887441447e+00,4.134675695148954944e+00,2.168917615994161885e+00
1.025599999999999667e+01,1.467500000000000249e+00,2.582954216003417969e+01,3.695430517196655273e+00,nan,nan,6.406133684945302775e+00,4.208906723705778674e+00,2.229330976589865010e+00
2.306099999999999994e+01,3.398499999999999854e+00,2.743626976013183594e+01,4.142514705657958984e+00,nan,nan,5.358229789567189982e+00,3.517922236172209782e+00,1.840501268490499776e+00
6.414699999999999136e+01,1.023399999999999999e+01,2.746988487243652344e+01,4.156971931457519531e+00,nan,nan,1.266807988626976567e+01,7.649925305096159533e+00,5.020152528866476338e+00
3.479800000000000182e+01,6.623199999999999754e+00,2.732748985290527344e+01,4.133123397827148438e+00,nan,nan,5.964691910577016642e+00,3.632165266720305485e+00,2.332890112980551045e+00
8.556900000000002393e+00,8.689299999999997581e-01,2.602847671508789062e+01,3.744125843048095703e+00,nan,nan,6.871274981332021525e+00,4.401832772938261584e+00,2.506947119816488545e+00
1.031700000000000017e+01,1.467500000000000249e+00,2.286933135986328125e+01,3.062874078750610352e+00,nan,nan,5.956713471245961955e+00,3.951915575710784001e+00,2.035860498532003682e+00
2.208999999999999986e+01,2.935099999999999820e+00,2.746897315979003906e+01,4.155941009521484375e+00,nan,nan,5.468757066559987834e+00,3.548059357849608464e+00,1.920702715500540059e+00
6.651300000000000523e+01,1.027299999999999969e+01,2.746898460388183594e+01,4.155969142913818359e+00,nan,nan,1.327381089670677738e+01,8.208580090252409533e+00,5.065575559719747822e+00
3.768699999999999761e+01,6.758399999999999963e+00,2.745707893371582031e+01,4.150901317596435547e+00,nan,nan,6.168915781808095744e+00,3.784072591511260075e+00,2.385266621693319600e+00
5.279799999999998050e+00,3.282600000000002183e-01,2.716212654113769531e+01,4.047953605651855469e+00,nan,nan,7.904852900338369182e+00,4.944487644878874377e+00,2.987996061428732197e+00
9.892099999999999227e+00,1.158599999999999852e+00,2.702756881713867188e+01,4.019012451171875000e+00,nan,nan,6.851321730447011760e+00,4.369719220844755725e+00,2.502278884037679951e+00
2.154400000000000048e+01,3.186100000000000154e+00,2.746898269653320312e+01,4.155960559844970703e+00,nan,nan,5.439858469796376994e+00,3.567294670788298649e+00,1.872569282635397236e+00
6.821300000000000807e+01,1.081299999999999883e+01,2.746898460388183594e+01,4.155967712402343750e+00,nan,nan,1.430019811136742192e+01,8.631259037701140002e+00,5.669372995480245869e+00
3.264999999999999858e+01,6.352899999999999991e+00,2.746894836425781250e+01,4.155928611755371094e+00,nan,nan,5.754272017312246135e+00,3.541550828663359685e+00,2.212727029904073994e+00
6.129400000000000404e+00,6.951499999999999346e-01,2.718298912048339844e+01,4.041499614715576172e+00,nan,nan,7.568860802483754924e+00,4.834551884380827502e+00,2.759702404125875752e+00
9.406600000000000961e+00,1.564099999999999824e+00,2.736066055297851562e+01,4.115058898925781250e+00,nan,nan,6.813941511941152385e+00,4.461361242977629260e+00,2.359375913723654072e+00
1.705300000000000082e+01,3.243999999999999773e+00,2.746778106689453125e+01,4.155332565307617188e+00,nan,nan,5.658982548546987346e+00,3.795934273449431462e+00,1.863090415581411641e+00
6.578499999999999659e+01,1.048499999999999943e+01,2.746898460388183594e+01,4.155968189239501953e+00,nan,nan,1.332926419718285160e+01,8.033081127850065783e+00,5.296536882504171651e+00
3.204299999999999926e+01,5.696299999999999919e+00,2.746896553039550781e+01,4.155955314636230469e+00,nan,nan,5.521018061471181682e+00,3.523098839966307683e+00,1.997924526318258565e+00
6.109400000000000830e+00,8.303200000000003911e-01,2.736728477478027344e+01,4.114347457885742188e+00,nan,nan,7.584820303750234416e+00,4.864405228344450549e+00,2.730310280903524678e+00
8.733599999999999142e+00,1.506199999999999761e+00,2.746497535705566406e+01,4.153738021850585938e+00,nan,nan,6.954190049004751017e+00,4.551270915714750842e+00,2.403660615071005147e+00
1.624599999999999866e+01,3.398499999999999854e+00,2.746858406066894531e+01,4.155738353729248047e+00,nan,nan,5.690875801873403361e+00,3.850400878635893864e+00,1.840490420445150654e+00
6.024899999999999523e+01,1.000200000000000067e+01,2.746909904479980469e+01,4.156148910522460938e+00,nan,nan,1.158735612375755863e+01,6.806523873058806018e+00,4.781274994000143330e+00
2.931199999999999761e+01,5.464599999999999902e+00,2.746884918212890625e+01,4.155915737152099609e+00,nan,nan,5.408784780335622600e+00,3.468547476974974675e+00,1.940241892918295186e+00
7.585899999999998755e+00,9.461699999999999555e-01,2.744235038757324219e+01,4.142992019653320312e+00,nan,nan,7.365602764916616252e+00,4.686176850048552112e+00,2.683082302197164815e+00
9.696899999999999409e+00,2.259199999999999875e+00,2.746861839294433594e+01,4.155643939971923828e+00,nan,nan,6.547229084801870158e+00,4.442166759220610217e+00,2.105150182827657979e+00
1.974800000000000111e+01,3.977799999999999780e+00,2.746898841857910156e+01,4.155973911285400391e+00,nan,nan,5.436689886880117228e+00,3.643674923626433415e+00,1.793019016369528096e+00
5.874100000000000676e+01,9.789999999999999147e+00,2.747292900085449219e+01,4.160116195678710938e+00,nan,nan,1.106478646738548832e+01,6.504581047741423205e+00,4.561946352108663838e+00
2.751999999999999957e+01,4.467900000000000205e+00,2.746751022338867188e+01,4.155433177947998047e+00,nan,nan,5.256915602517324260e+00,3.457971586433898015e+00,1.798948963268942158e+00
5.885600000000000165e+00,8.689299999999997581e-01,2.727497863769531250e+01,4.083260059356689453e+00,nan,nan,7.559711727929311564e+00,4.881097389904509143e+00,2.690609891995138447e+00
1.295699999999999896e+01,2.336500000000000021e+00,2.746866989135742188e+01,4.155744075775146484e+00,nan,nan,6.194128069710927775e+00,4.114185167995939807e+00,2.079987128361410420e+00
2.433599999999999852e+01,4.634299999999999642e+00,2.746898460388183594e+01,4.155968189239501953e+00,nan,nan,5.298728976082998088e+00,3.488479866234313054e+00,1.810252388104147236e+00
5.690800000000000125e+01,1.011800000000000033e+01,2.746898460388183594e+01,4.155967712402343750e+00,nan,nan,1.106026080591698246e+01,6.158763720242033557e+00,4.901693781002706807e+00
2.803800000000000026e+01,4.943299999999999805e+00,2.746633338928222656e+01,4.155210971832275391e+00,nan,nan,5.303566846680837443e+00,3.458937300888548894e+00,1.844634612187094014e+00
7.100400000000000489e+00,7.144599999999998730e-01,2.495018768310546875e+01,3.438150405883789062e+00,nan,nan,6.834553036523061564e+00,4.440311624256620959e+00,2.435082991703695576e+00
1.329099999999999859e+01,2.008199999999999985e+00,2.738065338134765625e+01,4.130357265472412109e+00,nan,nan,6.259075436425405314e+00,4.076428605762968616e+00,2.184907873257345479e+00
3.028300000000000125e+01,4.557100000000000151e+00,2.746898460388183594e+01,4.155967712402343750e+00,nan,nan,5.286876473260122111e+00,3.482571078983794255e+00,1.804309447392172139e+00
5.795700000000000784e+01,9.442399999999999238e+00,2.746898460388183594e+01,4.155967712402343750e+00,nan,nan,1.059098914606590824e+01,6.354667021481047229e+00,4.236490686520284932e+00
2.545300000000000296e+01,4.289200000000000124e+00,2.740312767028808594e+01,4.137500762939453125e+00,nan,nan,5.263852152657705119e+00,3.470330490318785710e+00,1.793514807804769795e+00
4.836299999999997823e+00,3.447900000000001519e-01,2.691292572021484375e+01,3.953247547149658203e+00,nan,nan,7.849888834786611369e+00,4.969271494595060901e+00,2.914449651821798604e+00
1.409599999999999831e+01,2.379700000000000149e+00,2.644203567504882812e+01,3.936047077178955078e+00,nan,nan,5.933910879922109416e+00,3.933719350544463200e+00,2.006797512158102315e+00
3.363499999999999801e+01,4.451900000000000190e+00,2.747809028625488281e+01,4.161833286285400391e+00,nan,nan,5.373904976678090861e+00,3.576070083824645085e+00,1.797846575363821309e+00
5.297999999999999687e+01,9.639300000000000423e+00,2.747116088867187500e+01,4.158490657806396484e+00,nan,nan,9.902267489266591838e+00,5.485694481579313830e+00,4.417614420040792744e+00
2.513599999999999923e+01,4.273299999999999876e+00,2.733872985839843750e+01,4.120466709136962891e+00,nan,nan,5.268282565903859904e+00,3.474004580227385564e+00,1.794261594399160664e+00
5.008500000000001506e+00,4.865399999999997505e-01,2.593273353576660156e+01,3.661084413528442383e+00,nan,nan,7.402415785622793010e+00,4.806334091869841174e+00,2.655374725445455830e+00
1.573700000000000010e+01,2.483600000000000030e+00,2.484724807739257812e+01,3.658679246902465820e+00,nan,nan,5.638978514504628947e+00,3.723825885502348942e+00,1.921426971539205830e+00
3.689500000000000313e+01,4.808099999999999596e+00,2.747126007080078125e+01,4.157542228698730469e+00,nan,nan,5.562122616601186564e+00,3.734674526897917790e+00,1.827479322537130635e+00
5.097699999999999676e+01,9.345900000000000318e+00,2.746917152404785156e+01,4.156206130981445312e+00,nan,nan,9.326951536965566447e+00,5.180093838421354846e+00,4.147237260922140401e+00
2.542800000000000082e+01,4.151600000000000179e+00,2.741780281066894531e+01,4.137317657470703125e+00,nan,nan,5.261656317544179728e+00,3.470511569229613347e+00,1.791149695500082295e+00
5.523299999999998988e+00,4.441199999999994041e-01,2.203064918518066406e+01,2.741901397705078125e+00,nan,nan,6.477065119576650432e+00,4.289687706676970080e+00,2.261393268688864033e+00
1.662800000000000011e+01,2.703300000000000036e+00,2.076766586303710938e+01,3.029855012893676758e+00,nan,nan,5.360671672654348185e+00,3.538766636101256413e+00,1.823544283493704121e+00
4.023599999999999710e+01,5.580499999999999794e+00,2.746991157531738281e+01,4.156724929809570312e+00,nan,nan,5.933514151406484416e+00,3.965802146641264958e+00,1.967776735409445088e+00
5.024899999999999523e+01,8.612099999999999866e+00,2.747348785400390625e+01,4.158861637115478516e+00,nan,nan,8.597260985207753947e+00,5.074328495708952502e+00,3.524510820492452901e+00
2.330400000000000205e+01,3.552999999999999936e+00,2.718011093139648438e+01,4.075762748718261719e+00,nan,nan,5.322676811051564982e+00,3.506086720673094792e+00,1.816790123566335957e+00
6.896899999999998698e+00,4.352500000000003588e-01,2.662547111511230469e+00,-7.232062220573425293e-01,nan,nan,5.547257814240651896e+00,3.593100442139159245e+00,1.975971062763876240e+00
1.852100000000000080e+01,3.113199999999999967e+00,2.397610282897949219e+01,3.472258806228637695e+00,nan,nan,5.383673224282460978e+00,3.565918041912566228e+00,1.819589753731436055e+00
4.133600000000000563e+01,6.237199999999999633e+00,2.747073173522949219e+01,4.157425403594970703e+00,nan,nan,6.225791725945668986e+00,4.057027055469999866e+00,2.168919761761373799e+00
4.867999999999999972e+01,8.303300000000000125e+00,2.750414657592773438e+01,4.176447868347167969e+00,nan,nan,8.122850451302724650e+00,4.854704691616545276e+00,3.274656971081442158e+00
2.176800000000000068e+01,3.101599999999999913e+00,2.591445541381835938e+01,3.815615892410278320e+00,nan,nan,5.359367642235952189e+00,3.517803682533751530e+00,1.842402537449545186e+00
7.249300000000001631e+00,5.073400000000005683e-01,-6.052571296691894531e+00,-1.930788636207580566e+00,nan,nan,6.211358342004018596e+00,4.003159476963530139e+00,2.310265501125997822e+00
1.905000000000000071e+01,3.049799999999999844e+00,2.446691322326660156e+01,3.527043342590332031e+00,nan,nan,5.389271054101186564e+00,3.563269449917326970e+00,1.828472931965536397e+00
4.211299999999999955e+01,6.577799999999999869e+00,2.747573661804199219e+01,4.162549495697021484e+00,nan,nan,6.425570998025136760e+00,4.125583364216337756e+00,2.300834377392477315e+00
4.962600000000000477e+01,8.225199999999999179e+00,2.760382461547851562e+01,4.224174499511718750e+00,nan,nan,8.113232168984609416e+00,4.965980126110563830e+00,3.171904285534567158e+00
2.195699999999999719e+01,3.082500000000000018e+00,1.823413467407226562e+01,2.511148214340209961e+00,nan,nan,5.376864585709768107e+00,3.532985879627715153e+00,1.847006221398062031e+00
6.821899999999999409e+00,4.900299999999999656e-01,-4.184090614318847656e+00,-1.636552929878234863e+00,nan,nan,5.995583567452626994e+00,3.863291455952178044e+00,2.207763155087179463e+00
1.881299999999999883e+01,3.012300000000000200e+00,2.332578277587890625e+01,3.295086383819580078e+00,nan,nan,5.358810934853750041e+00,3.540178133694182439e+00,1.820362587555593770e+00
4.320899999999999608e+01,6.893500000000000405e+00,2.762108039855957031e+01,4.241095066070556641e+00,nan,nan,6.607647929024892619e+00,4.214499189106474475e+00,2.403765757664388936e+00
4.939999999999999858e+01,8.322499999999999787e+00,2.769014358520507812e+01,4.251129150390625000e+00,nan,nan,8.118191275429921916e+00,4.922652317730436877e+00,3.222169120892233174e+00
2.051199999999999690e+01,2.568200000000000038e+00,1.757811164855957031e+01,2.339527845382690430e+00,nan,nan,5.346406969857412150e+00,3.520257188526640935e+00,1.827914496048635762e+00
6.372199999999999420e+00,6.758399999999995522e-01,7.352787971496582031e+00,2.246816754341125488e-01,nan,nan,5.415159973931508830e+00,3.538238836971770329e+00,1.880988855942434590e+00
1.917699999999999960e+01,3.186100000000000154e+00,2.522426414489746094e+01,3.639864921569824219e+00,nan,nan,5.405950460267263225e+00,3.582513584343443913e+00,1.825822134598440449e+00
4.770000000000000284e+01,7.472800000000000331e+00,2.750277328491210938e+01,4.180037021636962891e+00,nan,nan,7.453934464287954142e+00,4.728428913799772815e+00,2.733509500607198994e+00
4.933899999999999864e+01,8.785899999999999821e+00,2.755727577209472656e+01,4.196982860565185547e+00,nan,nan,8.547234568429189494e+00,4.935067011562834338e+00,3.623156984432882588e+00
1.802400000000000091e+01,2.220600000000000129e+00,2.282868385314941406e+01,3.098687887191772461e+00,nan,nan,5.423435721230703166e+00,3.547561241833220524e+00,1.879532714470571797e+00
5.772899999999999920e+00,7.223199999999994070e-01,2.207877159118652344e+01,2.895062208175659180e+00,nan,nan,6.430353674721914103e+00,4.271941377369413928e+00,2.213717778309530537e+00
1.947200000000000131e+01,3.134100000000000108e+00,2.630527496337890625e+01,3.859272241592407227e+00,nan,nan,5.455854806733327678e+00,3.609595908371459050e+00,1.849384208306021016e+00
4.897500000000000142e+01,7.743199999999999861e+00,2.749007034301757812e+01,4.172631263732910156e+00,nan,nan,7.793803725075918010e+00,4.896052910534391955e+00,2.902127822025961201e+00
4.958200000000000074e+01,9.287900000000000489e+00,2.747183799743652344e+01,4.157950878143310547e+00,nan,nan,9.071982893777089885e+00,4.981314970699797229e+00,4.091970880612081807e+00
1.602100000000000080e+01,1.737899999999999778e+00,2.693085289001464844e+01,3.984808683395385742e+00,nan,nan,6.056463990044790080e+00,3.829885913578520817e+00,2.233583648785299580e+00
4.726299999999998391e+00,7.200899999999998968e-01,2.604682159423828125e+01,3.763555765151977539e+00,nan,nan,7.398928675484853557e+00,4.857867552486906604e+00,2.590999205692953389e+00
2.033800000000000097e+01,3.342900000000000205e+00,2.686850929260253906e+01,3.992227792739868164e+00,nan,nan,5.427991661858754924e+00,3.594210876671324773e+00,1.835328360184377949e+00
5.219100000000000250e+01,7.897600000000000620e+00,2.748023033142089844e+01,4.164649009704589844e+00,nan,nan,8.365251574349599650e+00,5.360525204388151721e+00,3.007583339794821065e+00
4.982399999999999807e+01,9.886499999999999844e+00,2.746978759765625000e+01,4.156620025634765625e+00,nan,nan,9.677358660531240275e+00,5.015188528744230823e+00,4.662914236172384541e+00
1.590599999999999881e+01,1.795799999999999841e+00,2.742461776733398438e+01,4.135612010955810547e+00,nan,nan,6.139314684701162150e+00,3.871476961819182439e+00,2.269638617619222920e+00
3.448199999999999932e+00,6.141200000000002213e-01,2.727418899536132812e+01,4.086143970489501953e+00,nan,nan,8.040062937569814494e+00,5.222010447231779651e+00,2.838013728245443623e+00
1.948099999999999810e+01,3.327500000000000124e+00,2.691114044189453125e+01,4.009570598602294922e+00,nan,nan,5.468541774583059123e+00,3.632613493649016423e+00,1.837409456356710713e+00
5.096100000000000563e+01,7.754400000000000404e+00,2.746919059753417969e+01,4.156233787536621094e+00,nan,nan,8.100828680825429728e+00,5.177747322765837268e+00,2.923323829754537861e+00
5.070600000000000307e+01,9.217200000000000060e+00,2.746898841857910156e+01,4.155983924865722656e+00,nan,nan,9.173033747506337932e+00,5.140655829159269885e+00,4.032489021404928486e+00
1.282499999999999751e+01,1.513300000000000090e+00,2.746670913696289062e+01,4.154332637786865234e+00,nan,nan,6.525953326058584025e+00,4.125983311382780627e+00,2.400593002422994893e+00
3.263999999999999346e+00,7.711599999999996236e-01,2.745240974426269531e+01,4.147178173065185547e+00,nan,nan,8.059897932839589885e+00,5.280341221539030627e+00,2.785100658520407002e+00
1.912000000000000099e+01,3.349600000000000133e+00,2.717341804504394531e+01,4.080491542816162109e+00,nan,nan,5.500811610055166057e+00,3.661376549450408024e+00,1.840379496201223652e+00
5.049199999999999733e+01,7.897600000000000620e+00,2.746900367736816406e+01,4.156013011932373047e+00,nan,nan,8.125356707406240275e+00,5.109801604000578479e+00,3.015641887768453877e+00
4.351300000000000523e+01,8.438299999999999912e+00,2.746899795532226562e+01,4.155994415283203125e+00,nan,nan,7.655471358132558635e+00,4.260111166683683948e+00,3.395412166699117940e+00
1.271199999999999974e+01,2.011200000000000099e+00,2.706343650817871094e+01,4.049695968627929688e+00,nan,nan,6.247996125054555705e+00,4.099160863605986194e+00,2.155716617687887471e+00
3.780100000000000904e+00,1.087699999999999889e+00,2.745250701904296875e+01,4.146470546722412109e+00,nan,nan,7.807870421242910197e+00,5.203712298122892932e+00,2.607790549381918233e+00
1.816600000000000037e+01,2.576799999999999979e+00,2.739807891845703125e+01,4.135190486907958984e+00,nan,nan,5.726697954964834025e+00,3.723849846569548649e+00,2.003759582623190205e+00
5.449699999999999989e+01,9.249299999999999855e+00,2.746900558471679688e+01,4.156050205230712891e+00,nan,nan,9.795089278054433635e+00,5.734492375103483752e+00,4.060812910183615010e+00
4.015500000000000114e+01,6.700400000000000134e+00,2.746950149536132812e+01,4.156451702117919922e+00,nan,nan,6.316024336648183635e+00,3.959410025326262517e+00,2.356688101872152608e+00
1.017099999999999937e+01,1.758599999999999941e+00,2.273313903808593750e+01,3.231476783752441406e+00,nan,nan,5.929657254052358439e+00,3.952639772144804997e+00,1.996254761799520772e+00
7.076899999999998414e+00,1.414699999999999847e+00,2.745025444030761719e+01,4.146145820617675781e+00,nan,nan,7.191805872750478557e+00,4.751133991924772815e+00,2.442848523243612568e+00
2.056400000000000006e+01,2.747500000000000053e+00,2.746796607971191406e+01,4.155502319335937500e+00,nan,nan,5.570265445542531779e+00,3.606446696964751286e+00,1.963848431690878193e+00
5.524399999999999977e+01,9.451900000000000190e+00,2.747768020629882812e+01,4.166724681854248047e+00,nan,nan,1.008713344080467778e+01,5.860323502270231799e+00,4.229595382794088643e+00
3.663700000000000045e+01,5.908800000000000274e+00,2.747123527526855469e+01,4.157374858856201172e+00,nan,nan,5.778537068200307658e+00,3.719745232311736149e+00,2.058949907406515401e+00
1.073999999999999844e+01,1.627399999999999736e+00,2.353823852539062500e+01,3.279413938522338867e+00,nan,nan,5.990443501305776408e+00,3.970086528507720036e+00,2.044838388546652119e+00
8.043499999999998096e+00,1.478499999999999925e+00,2.740871047973632812e+01,4.128194332122802734e+00,nan,nan,7.024904522729116252e+00,4.625806404797087268e+00,2.404084880932516377e+00
2.187699999999999889e+01,3.064999999999999947e+00,2.746896743774414062e+01,4.155995368957519531e+00,nan,nan,5.449758920502858928e+00,3.555341853348265690e+00,1.894423146828359883e+00
4.029599999999999937e+01,7.878300000000000303e+00,2.747279739379882812e+01,4.158616065979003906e+00,nan,nan,6.970044407677846721e+00,3.970358206478606267e+00,3.000365932568258565e+00
1.389700000000000024e+01,1.564099999999999824e+00,2.721635627746582031e+01,4.062853336334228516e+00,nan,nan,6.339729103875356486e+00,4.010697080341826037e+00,2.336461265667623799e+00
5.745300000000000296e+00,9.847900000000002763e-01,2.573835754394531250e+01,3.691416501998901367e+00,nan,nan,7.066859040093618205e+00,4.687568260876188830e+00,2.427225430592245381e+00
2.160500000000000043e+01,3.552999999999999936e+00,2.732972145080566406e+01,4.114424228668212891e+00,nan,nan,5.381661567521291545e+00,3.561134053913603825e+00,1.820949156864828389e+00
5.929200000000000159e+01,9.558299999999999130e+00,2.746961593627929688e+01,4.156629085540771484e+00,nan,nan,1.095429519159813481e+01,6.613652064053068713e+00,4.342200477703756611e+00
3.726200000000000045e+01,6.893500000000000405e+00,2.754236221313476562e+01,4.190081596374511719e+00,nan,nan,6.180082831216054728e+00,3.752568079678069157e+00,2.429338296040243428e+00
1.301799999999999891e+01,1.564099999999999824e+00,2.626484107971191406e+01,3.805922508239746094e+00,nan,nan,6.219152722192006877e+00,4.004688932148466662e+00,2.233205159290975850e+00
8.132099999999997664e+00,1.351700000000000124e+00,2.590815353393554688e+01,3.729498386383056641e+00,nan,nan,6.684744629693227580e+00,4.433354570118437366e+00,2.286814172848409932e+00
1.923799999999999955e+01,3.128200000000000092e+00,2.733614921569824219e+01,4.115485191345214844e+00,nan,nan,5.539836439919668010e+00,3.662916971889983220e+00,1.877691467388815205e+00
6.072299999999999898e+01,9.963800000000000878e+00,2.747259330749511719e+01,4.158553600311279297e+00,nan,nan,1.163419297678490238e+01,6.902876927105436877e+00,4.735427816494650166e+00
3.568399999999999750e+01,6.082499999999999574e+00,2.824567985534667969e+01,4.425978183746337891e+00,nan,nan,5.665714773965078166e+00,3.633182479588042302e+00,2.036227901562399190e+00
1.298700000000000010e+01,1.795799999999999841e+00,2.435269165039062500e+01,3.361604452133178711e+00,nan,nan,5.868374142480092814e+00,3.864937140194426579e+00,2.020213683232015889e+00
9.083800000000000097e+00,1.538600000000000190e+00,2.390249633789062500e+01,3.264529466629028320e+00,nan,nan,6.171122584176259807e+00,4.136827422825346545e+00,2.068837960346884053e+00
2.061100000000000065e+01,3.070699999999999985e+00,2.643932342529296875e+01,3.925276994705200195e+00,nan,nan,5.426626834702688029e+00,3.567982806412230534e+00,1.859982927426046651e+00
6.016400000000000148e+01,9.980600000000002581e+00,2.748567199707031250e+01,4.165646076202392578e+00,nan,nan,1.151410916788597660e+01,6.784370018688688830e+00,4.739689310177511494e+00
3.264999999999999858e+01,5.368100000000000094e+00,2.824692726135253906e+01,4.422413349151611328e+00,nan,nan,5.398197922539907267e+00,3.521998001781950993e+00,1.877481897457784932e+00
1.245300000000000118e+01,1.966999999999999638e+00,2.451841163635253906e+01,3.401562213897705078e+00,nan,nan,5.885581288171010783e+00,3.914308859554778142e+00,1.985637624844259541e+00
9.576699999999998880e+00,1.568200000000000038e+00,2.547397804260253906e+01,3.610939979553222656e+00,nan,nan,6.369898352456289103e+00,4.239107085911284045e+00,2.164010007961935322e+00
1.597400000000000020e+01,3.128200000000000092e+00,2.653313255310058594e+01,3.959551095962524414e+00,nan,nan,5.660594973397451213e+00,3.807135178295622868e+00,1.855376740082449238e+00
5.959499999999999886e+01,1.044700000000000095e+01,2.747639465332031250e+01,4.161181449890136719e+00,nan,nan,1.190128377420921879e+01,6.671938492504606799e+00,5.237469156368917744e+00
3.113300000000000267e+01,5.155700000000000394e+00,2.821118354797363281e+01,4.405421257019042969e+00,nan,nan,5.336083326173024943e+00,3.488256885258208317e+00,1.848481495960897725e+00
1.323000000000000043e+01,1.988900000000000112e+00,2.603499031066894531e+01,3.748270750045776367e+00,nan,nan,6.025934252572255900e+00,3.969446255413542790e+00,2.068748911007589619e+00
9.912600000000001188e+00,1.602700000000000014e+00,2.657346916198730469e+01,3.879473209381103516e+00,nan,nan,6.539502892327504924e+00,4.318304850307951526e+00,2.246621807202047627e+00
2.031299999999999883e+01,3.222599999999999909e+00,2.302196121215820312e+01,3.424579858779907227e+00,nan,nan,5.306762966942983439e+00,3.498722745625029606e+00,1.808368642910665791e+00
6.056600000000000250e+01,1.009900000000000020e+01,2.748453712463378906e+01,4.166176319122314453e+00,nan,nan,1.170937016947289067e+01,6.866776062695036487e+00,4.855571706875509541e+00
2.985800000000000054e+01,5.232899999999999885e+00,2.913150596618652344e+01,4.644265651702880859e+00,nan,nan,5.300876412224965861e+00,3.467330946175108952e+00,1.833710570915884297e+00
1.057599999999999696e+01,1.612800000000000011e+00,2.645977592468261719e+01,3.851731300354003906e+00,nan,nan,6.456221852135854533e+00,4.241468979565153674e+00,2.231446822270101826e+00
1.140900000000000247e+01,1.544799999999999951e+00,2.668716239929199219e+01,3.906025886535644531e+00,nan,nan,6.439732584786611369e+00,4.182877256123076037e+00,2.279627521618551533e+00
2.108800000000000097e+01,3.417800000000000171e+00,2.416797447204589844e+01,3.684372425079345703e+00,nan,nan,5.306393537354665568e+00,3.500702692715178532e+00,1.805906434639639180e+00
6.171899999999999409e+01,1.008000000000000007e+01,2.749281120300292969e+01,4.171887874603271484e+00,nan,nan,1.190920022470970707e+01,7.105969979015837268e+00,4.822533805950826924e+00
3.089199999999999946e+01,5.464599999999999902e+00,2.931818389892578125e+01,4.672389030456542969e+00,nan,nan,5.331577691865163615e+00,3.474258376804839177e+00,1.857718070133871358e+00
1.052599999999999980e+01,1.278999999999999915e+00,2.570928955078125000e+01,3.660473108291625977e+00,nan,nan,6.434637579751210978e+00,4.173048807827482776e+00,2.288348634823507588e+00
1.165200000000000102e+01,1.583400000000000141e+00,2.669049263000488281e+01,3.907321929931640625e+00,nan,nan,6.402834210229116252e+00,4.160472585407744006e+00,2.264877398594564717e+00
2.130099999999999838e+01,3.784699999999999953e+00,2.712784194946289062e+01,4.089347362518310547e+00,nan,nan,5.365023288560109904e+00,3.565123035160552067e+00,1.800027270897573750e+00
6.614900000000000091e+01,9.751400000000000290e+00,2.747111320495605469e+01,4.158112049102783203e+00,nan,nan,1.263480523569603520e+01,8.119302345959196643e+00,4.521232088192648213e+00
3.196999999999999886e+01,6.546000000000000263e+00,2.687812042236328125e+01,4.048849105834960938e+00,nan,nan,5.875102314782338908e+00,3.540634884087096257e+00,2.335632403477377217e+00
8.799699999999997857e+00,8.496199999999998198e-01,2.564833259582519531e+01,3.645389795303344727e+00,nan,nan,6.758838209939199260e+00,4.334713055340300158e+00,2.467803915127462666e+00
1.077799999999999869e+01,1.583400000000000141e+00,2.648792457580566406e+01,3.857119321823120117e+00,nan,nan,6.441376719308095744e+00,4.223162605015287951e+00,2.245838482960409443e+00
2.075499999999999901e+01,3.823300000000000143e+00,2.746202087402343750e+01,4.153011798858642578e+00,nan,nan,5.398359331917959025e+00,3.598152233807097478e+00,1.800241609200186055e+00
6.790899999999999181e+01,9.558299999999999130e+00,2.746912574768066406e+01,4.156198024749755859e+00,nan,nan,1.289719346506615238e+01,8.554262711254606799e+00,4.343852480038351338e+00
3.216400000000000148e+01,6.121199999999999974e+00,2.655571937561035156e+01,3.950960397720336914e+00,nan,nan,5.759125981164174846e+00,3.558945132938872380e+00,2.202968915089315693e+00
6.432900000000000063e+00,4.827399999999997249e-01,2.664675712585449219e+01,3.899818897247314453e+00,nan,nan,7.476076159310537150e+00,4.721863104549894885e+00,2.796575148686117451e+00
1.043799999999999883e+01,1.544799999999999951e+00,2.659224891662597656e+01,3.895496606826782227e+00,nan,nan,6.516078743767934611e+00,4.266953899113188342e+00,2.275495966061300557e+00
2.057300000000000040e+01,3.803999999999999826e+00,2.746165847778320312e+01,4.152726650238037109e+00,nan,nan,5.407431278062063029e+00,3.605871452538023991e+00,1.801611621960348408e+00
6.942600000000000193e+01,9.886499999999999844e+00,2.746901893615722656e+01,4.156051158905029297e+00,nan,nan,1.360775712473412113e+01,8.943838669506559924e+00,4.664464195355123799e+00
3.170699999999999719e+01,5.773600000000000065e+00,2.705687141418457031e+01,4.047694683074951172e+00,nan,nan,5.578101429772573283e+00,3.526958777157317204e+00,2.052411277874655049e+00
4.367899999999998784e+00,9.654800000000030025e-02,2.715339088439941406e+01,4.045230388641357422e+00,nan,nan,8.176933321786123088e+00,5.069358898846159533e+00,3.138560016735739033e+00
1.031700000000000017e+01,1.641300000000000203e+00,2.706177330017089844e+01,4.027630805969238281e+00,nan,nan,6.602310690713125041e+00,4.329012109486113147e+00,2.289213736637777608e+00
2.196900000000000119e+01,4.054999999999999716e+00,2.744812965393066406e+01,4.148038387298583984e+00,nan,nan,5.343899640870290568e+00,3.551698221413146062e+00,1.792225380524343770e+00
6.760600000000000875e+01,1.021499999999999986e+01,2.746907043457031250e+01,4.156121253967285156e+00,nan,nan,1.348050263865013676e+01,8.478221489635954455e+00,5.003034551724142354e+00
3.142599999999999838e+01,5.232899999999999885e+00,2.737963104248046875e+01,4.129499435424804688e+00,nan,nan,5.406828794312673381e+00,3.509378089157591862e+00,1.897693474873251240e+00
4.430199999999999250e+00,1.351699999999995683e-01,2.724677467346191406e+01,4.075961589813232422e+00,nan,nan,8.188307318520742228e+00,5.075453831402311877e+00,3.136705358608907979e+00
1.049899999999999878e+01,1.660600000000000076e+00,2.723035430908203125e+01,4.075825691223144531e+00,nan,nan,6.617975983452993205e+00,4.328527762142668323e+00,2.300988276585287373e+00
2.380300000000000082e+01,3.971799999999999997e+00,2.744826507568359375e+01,4.148329257965087891e+00,nan,nan,5.293587956261831096e+00,3.499564363209258122e+00,1.794051905258840840e+00
6.511799999999999500e+01,1.042699999999999960e+01,2.746919631958007812e+01,4.156296730041503906e+00,nan,nan,1.310448220713158207e+01,7.875078751293669299e+00,5.230609853848165791e+00
2.973699999999999832e+01,4.827399999999999913e+00,2.742552185058593750e+01,4.143420696258544922e+00,nan,nan,5.306404862237172892e+00,3.474788083282958073e+00,1.831666787251180928e+00
4.976400000000001711e+00,1.930999999999998273e-01,2.653103828430175781e+01,3.886451005935668945e+00,nan,nan,7.813511404824453166e+00,4.893781019894133166e+00,2.965708454235739033e+00
1.207699999999999996e+01,2.008199999999999985e+00,2.720061492919921875e+01,4.068147659301757812e+00,nan,nan,6.324654373955922892e+00,4.169697238651762561e+00,2.163996060475057881e+00
2.529899999999999949e+01,3.978400000000000158e+00,2.741185951232910156e+01,4.138270854949951172e+00,nan,nan,5.266629729104238322e+00,3.472445620743285222e+00,1.794216056450552266e+00
6.505700000000000216e+01,1.069800000000000040e+01,2.747014236450195312e+01,4.157361507415771484e+00,nan,nan,1.338497403605003910e+01,7.860354973522673205e+00,5.528366525753683369e+00
2.852300000000000324e+01,4.711599999999999788e+00,2.736404991149902344e+01,4.126477241516113281e+00,nan,nan,5.283870968651967814e+00,3.462656392303954167e+00,1.821269889458364766e+00
5.097699999999999676e+00,1.930999999999998273e-01,2.394778060913085938e+01,3.312325716018676758e+00,nan,nan,7.100379500222402385e+00,4.544428421703825549e+00,2.625598748310751240e+00
1.383699999999999974e+01,2.201299999999999812e+00,2.669512176513671875e+01,3.937718868255615234e+00,nan,nan,6.022637400460439494e+00,3.973370506016264958e+00,2.060597022160238545e+00
2.673199999999999932e+01,4.153500000000000192e+00,2.744773483276367188e+01,4.149710655212402344e+00,nan,nan,5.250498566460805705e+00,3.459717644897948308e+00,1.790787001236624043e+00
6.347899999999999920e+01,1.092900000000000027e+01,2.746921348571777344e+01,4.156290054321289062e+00,nan,nan,1.330087998850365238e+01,7.498859478680143908e+00,5.803373773678488057e+00
2.880800000000000338e+01,4.155300000000000438e+00,2.730726623535156250e+01,4.115247249603271484e+00,nan,nan,5.257310066056447795e+00,3.465701951233397526e+00,1.791628380402273457e+00
4.750699999999998369e+00,7.723899999999961352e-02,1.219600868225097656e+01,1.124349474906921387e+00,nan,nan,5.596401724648671916e+00,3.675945712772856755e+00,1.940831502064413350e+00
3.622999999999999687e+01,5.947400000000000020e+00,2.746898269653320312e+01,4.155964851379394531e+00,nan,nan,5.768237624001699260e+00,3.697103811947356267e+00,2.071141918286032002e+00
5.140200000000000102e+01,9.133499999999999730e+00,2.746898651123046875e+01,4.155996322631835938e+00,nan,nan,9.201753172707753947e+00,5.242968394009123401e+00,3.958908041104025166e+00
2.560999999999999943e+01,2.683999999999999719e+00,2.750795745849609375e+01,4.172721862792968750e+00,nan,nan,5.453947934937673381e+00,3.469328893867980046e+00,1.984708507641500752e+00
7.950099999999999056e+00,9.268600000000000172e-01,2.715802192687988281e+01,4.042800426483154297e+00,nan,nan,7.217010531258779338e+00,4.604094459263334826e+00,2.633435686215109151e+00
1.626399999999999935e+01,2.799900000000000055e+00,2.707710075378417969e+01,4.032420635223388672e+00,nan,nan,5.748031649422841838e+00,3.823103620258818669e+00,1.927829225643820088e+00
4.114600000000000080e+01,6.758399999999999963e+00,2.746919250488281250e+01,4.156152248382568359e+00,nan,nan,6.423744473290639689e+00,4.040852143017302112e+00,2.382965405567831318e+00
4.900600000000000023e+01,8.225899999999999324e+00,2.746915435791015625e+01,4.156217575073242188e+00,nan,nan,8.142592463326650432e+00,4.903412415234098987e+00,3.239519079312032979e+00
2.409300000000000352e+01,2.433000000000000274e+00,2.747360610961914062e+01,4.158419132232666016e+00,nan,nan,5.544509205651479533e+00,3.493560804573546452e+00,2.051014502628988545e+00
8.525400000000001199e+00,9.269199999999999662e-01,2.746530342102050781e+01,4.152945518493652344e+00,nan,nan,7.274480614495473674e+00,4.575752331463347033e+00,2.700058181866354268e+00
1.775600000000000023e+01,2.762000000000000011e+00,2.742829322814941406e+01,4.138885021209716797e+00,nan,nan,5.706281218362050822e+00,3.749605251995574040e+00,1.957298477276510518e+00
3.699300000000000210e+01,5.850799999999999557e+00,2.750197982788085938e+01,4.170582294464111328e+00,nan,nan,5.776273283791738322e+00,3.738811327663909001e+00,2.038313348873800557e+00
4.915699999999999648e+01,8.554199999999999804e+00,2.747051811218261719e+01,4.157229423522949219e+00,nan,nan,8.403114352059560588e+00,4.923495842663298205e+00,3.480872829540914815e+00
2.326099999999999923e+01,3.452399999999999913e+00,2.746900367736816406e+01,4.155959129333496094e+00,nan,nan,5.346626076531606486e+00,3.513074053970824284e+00,1.833556910141653340e+00
8.299099999999999255e+00,6.875399999999998180e-01,2.746680259704589844e+01,4.154018878936767578e+00,nan,nan,7.442701611352163127e+00,4.602835132328520373e+00,2.840882380589193623e+00
1.721699999999999875e+01,2.704699999999999882e+00,2.744902610778808594e+01,4.146252632141113281e+00,nan,nan,5.756748709511953166e+00,3.784244491306792302e+00,1.972982485874838154e+00
4.092999999999999972e+01,6.825300000000000367e+00,2.746993255615234375e+01,4.156673908233642578e+00,nan,nan,6.435808453393178752e+00,4.022520615307341174e+00,2.413527925594991963e+00
4.854999999999999716e+01,7.994200000000000195e+00,2.747515869140625000e+01,4.159491539001464844e+00,nan,nan,7.915907416176992228e+00,4.841867043224821643e+00,3.075931985958761494e+00
2.118199999999999861e+01,3.694999999999999840e+00,2.744656944274902344e+01,4.147558689117431641e+00,nan,nan,5.388985309434133342e+00,3.580318643299590153e+00,1.808720608338064473e+00
7.300300000000000011e+00,7.659500000000001307e-01,2.733299446105957031e+01,4.099755287170410156e+00,nan,nan,7.448418650460439494e+00,4.706304384914885119e+00,2.756545503719991963e+00
1.781400000000000006e+01,2.770100000000000229e+00,2.734358024597167969e+01,4.106880664825439453e+00,nan,nan,5.689384493661123088e+00,3.741398050037871403e+00,1.949590106590933125e+00
4.387699999999999534e+01,6.932199999999999918e+00,2.746898651123046875e+01,4.155978202819824219e+00,nan,nan,6.761788163018422892e+00,4.296926333157072619e+00,2.464887936695761006e+00
5.079500000000000171e+01,8.921099999999999142e+00,2.746901512145996094e+01,4.156022071838378906e+00,nan,nan,8.931143317055898478e+00,5.153564526287565783e+00,3.777720172985739033e+00
1.948799999999999955e+01,2.768800000000000150e+00,2.631897735595703125e+01,3.858160257339477539e+00,nan,nan,5.506393465829091838e+00,3.607458247391234440e+00,1.901283164604849141e+00
5.742399999999999949e+00,4.491700000000000692e-01,2.215543556213378906e+01,2.919847011566162109e+00,nan,nan,6.547736201119619182e+00,4.282713844028959826e+00,2.326034982784933369e+00
1.838200000000000145e+01,2.623600000000000154e+00,2.734368896484375000e+01,4.108641147613525391e+00,nan,nan,5.693590674233632853e+00,3.709017707554350896e+00,1.987204869373983662e+00
4.800399999999999778e+01,6.932199999999999918e+00,2.746898460388183594e+01,4.155972957611083984e+00,nan,nan,7.236930403542714885e+00,4.772071911541472033e+00,2.464890797718710225e+00
5.516499999999999915e+01,9.963800000000000878e+00,2.746899604797363281e+01,4.155995845794677734e+00,nan,nan,1.059098676188011723e+01,5.848415209499846057e+00,4.742774923428243916e+00
1.672299999999999898e+01,2.065599999999999881e+00,2.585194396972656250e+01,3.730012178421020508e+00,nan,nan,5.754829678368764689e+00,3.721888376919280095e+00,2.040034254177755635e+00
3.494399999999998840e+00,2.730999999999998984e-01,2.227724838256835938e+01,2.987035751342773438e+00,nan,nan,6.886627468896108439e+00,4.529757096020231799e+00,2.429214556797689717e+00
1.821499999999999986e+01,2.761099999999999888e+00,2.709646606445312500e+01,4.042191028594970703e+00,nan,nan,5.641900095772939494e+00,3.705527736393462224e+00,1.939950962647146504e+00
4.748399999999999466e+01,6.529200000000000337e+00,2.746899986267089844e+01,4.156006813049316406e+00,nan,nan,6.989543709588247111e+00,4.706356598583708362e+00,2.283221562489218037e+00
5.125999999999999801e+01,1.077700000000000102e+01,2.746898841857910156e+01,4.155982494354248047e+00,nan,nan,1.084917500956078129e+01,5.221848799435148791e+00,5.627504308804220479e+00
1.524599999999999866e+01,1.689300000000000246e+00,2.719884872436523438e+01,4.055474758148193359e+00,nan,nan,6.176914963555532267e+00,3.903521730152617497e+00,2.280838091953939717e+00
3.260000000000001563e+00,4.932399999999996787e-01,2.650183677673339844e+01,3.875911951065063477e+00,nan,nan,7.853992972207265666e+00,5.125153376308928088e+00,2.777652938946432393e+00
1.827299999999999969e+01,3.078599999999999781e+00,2.393641090393066406e+01,3.451059103012084961e+00,nan,nan,5.390984568429189494e+00,3.572441591469298405e+00,1.820337136372274678e+00
4.875000000000000000e+01,7.425799999999999734e+00,2.757828521728515625e+01,4.218080520629882812e+00,nan,nan,7.532804522347646525e+00,4.853600336758146838e+00,2.687037189587301533e+00
5.173699999999999477e+01,9.293900000000000716e+00,2.746907615661621094e+01,4.156103610992431641e+00,nan,nan,9.393584761452871135e+00,5.293268515316496448e+00,4.100582082852072041e+00
1.590900000000000070e+01,1.957300000000000040e+00,2.736153030395507812e+01,4.109440803527832031e+00,nan,nan,6.059356961083608439e+00,3.866946770397673649e+00,2.197156627758688252e+00
4.022200000000001552e+00,9.618200000000003413e-01,2.711554527282714844e+01,4.029751300811767578e+00,nan,nan,7.688097987008291057e+00,5.111573769299040393e+00,2.606664736851400654e+00
1.930099999999999838e+01,3.129799999999999915e+00,1.757893753051757812e+01,2.613621473312377930e+00,nan,nan,5.346764240098195842e+00,3.506975366322051091e+00,1.842287858112997334e+00
5.114999999999999858e+01,7.888499999999999623e+00,2.749526405334472656e+01,4.177556514739990234e+00,nan,nan,8.185171637368398478e+00,5.201067997662077502e+00,2.989995678051657002e+00
4.511800000000000210e+01,8.669100000000000250e+00,2.747393035888671875e+01,4.159067153930664062e+00,nan,nan,7.994453463387685588e+00,4.428007795063505725e+00,3.568201263531393330e+00
1.523000000000000043e+01,1.779300000000000104e+00,2.677604484558105469e+01,3.933494567871093750e+00,nan,nan,6.060433182549672892e+00,3.874692990032683415e+00,2.200235446079916279e+00
5.473299999999998278e+00,8.233399999999999608e-01,2.666214370727539062e+01,3.881650924682617188e+00,nan,nan,7.394498619866567424e+00,4.844991041866789416e+00,2.596952398403829854e+00
2.103300000000000125e+01,3.301600000000000090e+00,2.699433135986328125e+01,4.067706108093261719e+00,nan,nan,5.414312157464223674e+00,3.570907367912779851e+00,1.844030161484426777e+00
5.434199999999999875e+01,8.409900000000000375e+00,2.746910667419433594e+01,4.156230449676513672e+00,nan,nan,9.081884417367177775e+00,5.708431793896208362e+00,3.373729427441305440e+00
4.008099999999999596e+01,7.886499999999999844e+00,2.747065162658691406e+01,4.157262325286865234e+00,nan,nan,6.959612641167836955e+00,3.953486992565642399e+00,3.006682355984396260e+00
1.543599999999999994e+01,1.911100000000000243e+00,2.708557891845703125e+01,4.012413978576660156e+00,nan,nan,6.051999363732534221e+00,3.881538225857268376e+00,2.180053790196127217e+00
5.574099999999997834e+00,1.021099999999999675e+00,2.619317626953125000e+01,3.763436794281005859e+00,nan,nan,7.152782234978872111e+00,4.766104294506559924e+00,2.442107041462606709e+00
1.929899999999999949e+01,3.320399999999999796e+00,2.746803283691406250e+01,4.155632495880126953e+00,nan,nan,5.517170581650930217e+00,3.665865732876311345e+00,1.851316233261770527e+00
6.002000000000001023e+01,9.616199999999999193e+00,2.746898651123046875e+01,4.155981063842773438e+00,nan,nan,1.115968707544823246e+01,6.759940220562468127e+00,4.399964292629904072e+00
3.489500000000000313e+01,6.430100000000000371e+00,2.750181388854980469e+01,4.173216819763183594e+00,nan,nan,5.864014658761220744e+00,3.628449870792876286e+00,2.236340721234030049e+00
1.462599999999999945e+01,1.815100000000000158e+00,2.659399604797363281e+01,3.885820150375366211e+00,nan,nan,6.061961207223134807e+00,3.905342294422637028e+00,2.170017679318136494e+00
8.799699999999997857e+00,1.506199999999999761e+00,2.314161491394042969e+01,3.091933250427246094e+00,nan,nan,6.093231234383779338e+00,4.094639851299772815e+00,2.033889611347860615e+00
2.093699999999999761e+01,3.726799999999999891e+00,2.741277885437011719e+01,4.139185428619384766e+00,nan,nan,5.394931826424794963e+00,3.588917388168822331e+00,1.806123395546621602e+00
6.074800000000000466e+01,1.009900000000000020e+01,2.746901130676269531e+01,4.156021118164062500e+00,nan,nan,1.179067281229515629e+01,6.909275604931364612e+00,4.881738384350485127e+00
3.410600000000000165e+01,5.792900000000000382e+00,2.825380706787109375e+01,4.422473907470703125e+00,nan,nan,5.528616938424306682e+00,3.568428291527281804e+00,1.963414152249044697e+00
1.548400000000000176e+01,2.143400000000000194e+00,2.709441184997558594e+01,4.032411575317382812e+00,nan,nan,5.979075465035634807e+00,3.878526641575346989e+00,2.105168183430380147e+00
9.607900000000000773e+00,1.207599999999999785e+00,2.691980743408203125e+01,3.975391149520874023e+00,nan,nan,6.821221623254018596e+00,4.388076736179838733e+00,2.456891854389852803e+00
1.347299999999999898e+01,3.379199999999999982e+00,2.740559005737304688e+01,4.135353565216064453e+00,nan,nan,5.903768572640615275e+00,4.062785937038908557e+00,1.841488440617269795e+00
6.147600000000001330e+01,1.067799999999999727e+01,2.746907997131347656e+01,4.156098842620849609e+00,nan,nan,1.257418778879662113e+01,7.061891628948698596e+00,5.512947519406027119e+00
3.070800000000000196e+01,5.445299999999999585e+00,2.750173377990722656e+01,4.171524524688720703e+00,nan,nan,5.424048576188283732e+00,3.490324689594756169e+00,1.933980365379995625e+00
1.369999999999999929e+01,2.162300000000000111e+00,2.744003295898437500e+01,4.142537593841552734e+00,nan,nan,6.179158959222036174e+00,4.046217991558561877e+00,2.133979518994039815e+00
9.195399999999999352e+00,1.255100000000000104e+00,2.743876457214355469e+01,4.140206813812255859e+00,nan,nan,7.007019314599233439e+00,4.494604422298918323e+00,2.517192681416219990e+00
1.629700000000000060e+01,3.107099999999999973e+00,2.740449714660644531e+01,4.136326313018798828e+00,nan,nan,5.725929531884389689e+00,3.842527224270354314e+00,1.883908708676046651e+00
5.898600000000000421e+01,1.032799999999999940e+01,2.746982765197753906e+01,4.156746387481689453e+00,nan,nan,1.167208531839867192e+01,6.553181959835539416e+00,5.120917757137960713e+00
3.199500000000000099e+01,5.605599999999999916e+00,2.747922134399414062e+01,4.161573410034179688e+00,nan,nan,5.495004091096120646e+00,3.521603717056761784e+00,1.973606188877767842e+00
1.339599999999999902e+01,2.079299999999999926e+00,2.746101379394531250e+01,4.151306152343750000e+00,nan,nan,6.240136656594472697e+00,4.074392153469572619e+00,2.166266878231710713e+00
6.724200000000000443e+01,1.100599999999999845e+01,2.746948432922363281e+01,4.156653404235839844e+00,nan,nan,1.427684930307884770e+01,8.387348248211393908e+00,5.892212827786154072e+00
2.894800000000000040e+01,5.155700000000000394e+00,2.744693183898925781e+01,4.150251865386962891e+00,nan,nan,5.343851957154470256e+00,3.465022935120116276e+00,1.878850718125051777e+00
4.733599999999999142e+00,4.054999999999999716e-01,2.609763145446777344e+01,3.777339935302734375e+00,nan,nan,7.581251654458242228e+00,4.864430500713835315e+00,2.769470294102377217e+00
1.098400000000000176e+01,1.834400000000000031e+00,2.692805099487304688e+01,3.994593858718872070e+00,nan,nan,6.434001717400747111e+00,4.247740222660551623e+00,2.201246340855306904e+00
2.099800000000000111e+01,3.707500000000000018e+00,2.743834304809570312e+01,4.146048069000244141e+00,nan,nan,5.395303044152456096e+00,3.587408138958464665e+00,1.807997723206228535e+00
6.657399999999999807e+01,1.127700000000000102e+01,2.746905517578125000e+01,4.156113624572753906e+00,nan,nan,1.445018247110863285e+01,8.223393036571989612e+00,6.227774103268331807e+00
2.749099999999999966e+01,4.730900000000000105e+00,2.746511268615722656e+01,4.155856609344482422e+00,nan,nan,5.277070436310964396e+00,3.457912697044859929e+00,1.819161792381948750e+00
4.733599999999999142e+00,3.475700000000001566e-01,2.125679779052734375e+01,2.764508962631225586e+00,nan,nan,6.531986746621328166e+00,4.291453077045927600e+00,2.305008490666097920e+00
1.209599999999999653e+01,1.795799999999999841e+00,2.667080307006835938e+01,3.921706199645996094e+00,nan,nan,6.288458857369619182e+00,4.118117524830351428e+00,2.189976771458334248e+00
2.342500000000000071e+01,3.861899999999999888e+00,2.745658683776855469e+01,4.151548385620117188e+00,nan,nan,5.306656989884572795e+00,3.508659078327666325e+00,1.798019369229025166e+00
6.402500000000000568e+01,1.119999999999999929e+01,2.746903038024902344e+01,4.156075477600097656e+00,nan,nan,1.375446179850121098e+01,7.622417523113737658e+00,6.132761438473409932e+00
2.684099999999999753e+01,4.228799999999999670e+00,2.746732521057128906e+01,4.159331321716308594e+00,nan,nan,5.249870929551320842e+00,3.459179772583495183e+00,1.790695448502249043e+00
6.372199999999999420e+00,6.951499999999999346e-01,7.955252647399902344e+00,3.781502842903137207e-01,nan,nan,5.409275684189992717e+00,3.541507317272673649e+00,1.871458311661428731e+00
1.377599999999999980e+01,2.336500000000000021e+00,2.581033134460449219e+01,3.705410718917846680e+00,nan,nan,5.866418633294301799e+00,3.911379172054778142e+00,1.972053845509237568e+00
2.656500000000000128e+01,3.958499999999999908e+00,2.746237373352050781e+01,4.153526782989501953e+00,nan,nan,5.254286322426992228e+00,3.460467650143157048e+00,1.793824692352957051e+00
5.728899999999998727e+01,1.058200000000000074e+01,2.746903228759765625e+01,4.156077861785888672e+00,nan,nan,1.163284162027855473e+01,6.229104592052946643e+00,5.404195745571798604e+00
2.779500000000000171e+01,4.170899999999999608e+00,2.760841178894042969e+01,4.206105232238769531e+00,nan,nan,5.250492963624196818e+00,3.458664192406188054e+00,1.791840751751608174e+00
7.889399999999998414e+00,7.144599999999998730e-01,2.541316032409667969e+00,-5.573055148124694824e-01,nan,nan,5.586508307290273478e+00,3.620608104912291569e+00,1.992350061520284932e+00
1.468599999999999994e+01,2.413699999999999957e+00,2.515656471252441406e+01,3.546530246734619141e+00,nan,nan,5.716381344628530314e+00,3.805323673931609196e+00,1.924066920860952656e+00
2.819099999999999895e+01,4.016399999999999970e+00,2.745535087585449219e+01,4.151668071746826172e+00,nan,nan,5.251866612267690471e+00,3.459700180737029118e+00,1.792170305832571309e+00
5.819899999999999807e+01,1.060099999999999909e+01,2.746918869018554688e+01,4.156244277954101562e+00,nan,nan,1.182422116739769535e+01,6.400754763332853869e+00,5.424407442196554463e+00
2.849399999999999977e+01,3.730199999999999960e+00,2.761556243896484375e+01,4.210940361022949219e+00,nan,nan,5.273166808915334514e+00,3.461005403248320622e+00,1.812163134201711934e+00
7.282499999999998863e+00,6.372200000000001197e-01,1.877192878723144531e+01,2.229796648025512695e+00,nan,nan,5.887800011468129924e+00,3.880995823589812321e+00,2.044254739865011494e+00
1.523299999999999876e+01,2.626100000000000101e+00,2.456217956542968750e+01,3.429212331771850586e+00,nan,nan,5.597489151787954142e+00,3.736980034557829899e+00,1.867285211666769307e+00
3.046499999999999986e+01,4.808099999999999596e+00,2.739146041870117188e+01,4.144616603851318359e+00,nan,nan,5.316650543046193889e+00,3.487731649128447575e+00,1.828972776516622822e+00
5.740999999999999659e+01,9.674099999999999255e+00,2.747589874267578125e+01,4.161665439605712891e+00,nan,nan,1.067922786219139653e+01,6.249589516369352893e+00,4.437813242062277119e+00
2.852300000000000324e+01,3.803999999999999826e+00,2.751332283020019531e+01,4.176087379455566406e+00,nan,nan,5.264180455041127971e+00,3.461287094799529118e+00,1.802897174938864033e+00
7.585899999999998755e+00,5.020500000000001073e-01,2.473764419555664062e+01,3.431919574737548828e+00,nan,nan,6.833868536782460978e+00,4.362841440884123401e+00,2.529966314419454854e+00
1.565700000000000003e+01,2.510299999999999976e+00,2.469616127014160156e+01,3.483455657958984375e+00,nan,nan,5.602726969552236369e+00,3.719903184620390935e+00,1.889050443752950947e+00
3.093499999999999872e+01,5.342399999999999594e+00,2.800882339477539062e+01,4.347626686096191406e+00,nan,nan,5.368616614175039103e+00,3.486951841560851140e+00,1.882139285191244404e+00
5.941300000000000381e+01,8.921099999999999142e+00,2.773706626892089844e+01,4.265140533447265625e+00,nan,nan,1.019239572031517582e+01,6.572897268978605823e+00,3.662682254894918721e+00
2.471099999999999852e+01,3.132499999999999840e+00,2.739084243774414062e+01,4.141125679016113281e+00,nan,nan,5.360112342667775920e+00,3.480603231636534733e+00,1.879528899773306172e+00
8.071400000000000574e+00,8.109999999999999432e-01,2.586457061767578125e+01,3.692856311798095703e+00,nan,nan,6.898027453255849650e+00,4.435092999187956408e+00,2.508726437672323506e+00
1.668900000000000006e+01,2.645399999999999974e+00,2.507035446166992188e+01,3.558648824691772461e+00,nan,nan,5.557361039948659709e+00,3.684063269344817204e+00,1.878359635456747334e+00
3.479099999999999682e+01,5.833999999999999631e+00,2.780850028991699219e+01,4.277865409851074219e+00,nan,nan,5.615528139901357463e+00,3.611517621723662419e+00,2.006521423443502705e+00
5.892800000000001148e+01,8.476900000000000546e+00,2.776870536804199219e+01,4.266446590423583984e+00,nan,nan,9.761685881447988322e+00,6.471643759457121448e+00,3.326004465206808369e+00
2.451800000000000068e+01,3.688099999999999934e+00,2.581254386901855469e+01,3.790560483932495117e+00,nan,nan,5.269663486314016154e+00,3.470224274841795964e+00,1.799530644997305195e+00
6.333200000000001495e+00,4.558499999999998664e-01,2.601484680175781250e+01,3.737911939620971680e+00,nan,nan,7.316387686562734416e+00,4.652239395824919299e+00,2.716723163708395283e+00
1.570500000000000007e+01,2.394400000000000084e+00,2.625078582763671875e+01,3.815173864364624023e+00,nan,nan,5.775616679024892619e+00,3.807231618610869450e+00,1.976757963284200947e+00
3.525999999999999801e+01,5.867300000000000182e+00,2.747101783752441406e+01,4.157487392425537109e+00,nan,nan,5.693268809151845744e+00,3.646998120991240544e+00,2.046421130284017842e+00
5.983800000000000807e+01,8.843799999999999883e+00,2.747385406494140625e+01,4.159101963043212891e+00,nan,nan,1.042590764505882817e+01,6.721526219097624377e+00,3.708196600063986104e+00
2.387999999999999901e+01,3.485300000000000065e+00,2.562604331970214844e+01,3.730726480484008789e+00,nan,nan,5.280848059487539103e+00,3.475368036476622624e+00,1.805685480221456807e+00
4.005399999999998073e+00,1.351699999999995683e-01,2.648270034790039062e+01,3.865453004837036133e+00,nan,nan,7.952801737618642619e+00,5.017940355984221057e+00,2.987060506924337666e+00
1.571799999999999997e+01,2.317200000000000149e+00,2.710053825378417969e+01,4.037361621856689453e+00,nan,nan,5.909760746789174846e+00,3.862519337383757634e+00,2.054247696980184834e+00
3.652199999999999847e+01,5.908800000000000274e+00,2.746904182434082031e+01,4.156071186065673828e+00,nan,nan,5.772453102898793986e+00,3.713312818256865544e+00,2.059160669430441182e+00
6.062699999999999534e+01,9.365199999999999747e+00,2.746912956237792969e+01,4.156142234802246094e+00,nan,nan,1.104856446726341801e+01,6.884171082226286487e+00,4.164953668698019307e+00
2.347800000000000153e+01,3.475699999999999790e+00,2.655881500244140625e+01,3.919021606445312500e+00,nan,nan,5.305549058747487834e+00,3.491625680176268620e+00,1.814277132137960713e+00
2.670200000000001239e+00,-5.792899999999967520e-02,2.660814094543457031e+01,3.904756069183349609e+00,nan,nan,8.318025622201162150e+00,5.228271557537565783e+00,3.142047603710836690e+00
1.675000000000000000e+01,2.413699999999999957e+00,2.731414794921875000e+01,4.101667881011962891e+00,nan,nan,5.845439467263418010e+00,3.806302262989531560e+00,2.042772610768026631e+00
4.375600000000000023e+01,6.410800000000000054e+00,2.746917152404785156e+01,4.156234264373779297e+00,nan,nan,6.519665512871938517e+00,4.284575654713163928e+00,2.235185583218282979e+00
5.376899999999999835e+01,9.635500000000000398e+00,2.746914672851562500e+01,4.156162261962890625e+00,nan,nan,1.003073123438377934e+01,5.613465620724211291e+00,4.417723138912863057e+00
1.905599999999999739e+01,2.606799999999999784e+00,2.700450325012207031e+01,4.020617008209228516e+00,nan,nan,5.623079094720083049e+00,3.656429125515471501e+00,1.968761523350424092e+00
3.641200000000001324e+00,2.896399999999994535e-01,2.673122596740722656e+01,3.940102577209472656e+00,nan,nan,8.007494482827382853e+00,5.107230498043547229e+00,2.941516240223593037e+00
1.766000000000000014e+01,2.722700000000000120e+00,2.736075401306152344e+01,4.116873264312744141e+00,nan,nan,5.713144335580068400e+00,3.751732064930449528e+00,1.963448126896566670e+00
4.509100000000000108e+01,6.565299999999999692e+00,2.746964454650878906e+01,4.156692981719970703e+00,nan,nan,6.723407301736074260e+00,4.425589992252836780e+00,2.298040230854696553e+00
5.522600000000000620e+01,9.577600000000000335e+00,2.746912002563476562e+01,4.156151771545410156e+00,nan,nan,1.022088292582054692e+01,5.858916117397795276e+00,4.362452467068380635e+00
1.741700000000000159e+01,2.239900000000000002e+00,2.715599060058593750e+01,4.053313255310058594e+00,nan,nan,5.831742796731191447e+00,3.754373981205473942e+00,2.080480535610861104e+00
3.701899999999998414e+00,4.827399999999997249e-01,2.683452987670898438e+01,3.968869924545288086e+00,nan,nan,7.921546969247060588e+00,5.114672257153044299e+00,2.842504103764242451e+00
1.857000000000000028e+01,2.896399999999999864e+00,2.705373954772949219e+01,4.038111686706542969e+00,nan,nan,5.591183457207876017e+00,3.684092714039336247e+00,1.909747441395468037e+00
4.666899999999999693e+01,6.893500000000000405e+00,2.747328376770019531e+01,4.159668922424316406e+00,nan,nan,7.049462351632314494e+00,4.606169058529387073e+00,2.444147070034689229e+00
5.407300000000000040e+01,8.805199999999999250e+00,2.746929168701171875e+01,4.156283855438232422e+00,nan,nan,9.344373259377675822e+00,5.663540674892912463e+00,3.681416710003561299e+00
1.626399999999999935e+01,2.162700000000000067e+00,2.709253883361816406e+01,4.030186653137207031e+00,nan,nan,5.917999539208608439e+00,3.824092938152800603e+00,2.098275859936422627e+00
3.884000000000000341e+00,6.565300000000000580e-01,2.619332885742187500e+01,3.810016393661499023e+00,nan,nan,7.594084772896962932e+00,4.991792036739836291e+00,2.650130470379537861e+00
1.893400000000000105e+01,3.263300000000000090e+00,2.564926719665527344e+01,3.760235309600830078e+00,nan,nan,5.428212079835134318e+00,3.606154932228575749e+00,1.823973019703573506e+00
4.794300000000000495e+01,7.163899999999999935e+00,2.747099876403808594e+01,4.158136367797851562e+00,nan,nan,7.343801770043569377e+00,4.763966156689177112e+00,2.580571134670919697e+00
4.818600000000000705e+01,7.858999999999999986e+00,2.747220802307128906e+01,4.158358097076416016e+00,nan,nan,7.780787024331289103e+00,4.794919087139616565e+00,2.987472494229025166e+00
1.662800000000000011e+01,2.317200000000000149e+00,2.648284530639648438e+01,3.860393047332763672e+00,nan,nan,5.762701306176381877e+00,3.763012243954192204e+00,2.005867202862448018e+00
4.453199999999999648e+01,8.912599999999999412e+00,2.748963165283203125e+01,4.178906440734863281e+00,nan,nan,8.101631674599843791e+00,4.362942887989531116e+00,3.741975982769674580e+00
3.606900000000000261e+01,6.656799999999999606e+00,2.746911239624023438e+01,4.156108379364013672e+00,nan,nan,6.025976452660756877e+00,3.688397838322173161e+00,2.337605794056600850e+00
1.330199999999999960e+01,1.826699999999999768e+00,2.672019958496093750e+01,3.971887588500976562e+00,nan,nan,6.203587326836782267e+00,4.018798662868986682e+00,2.195084293469137471e+00
6.359799999999999898e+00,5.407000000000001805e-01,2.746874427795410156e+01,4.155711650848388672e+00,nan,nan,7.780366453957753947e+00,4.846551968304167346e+00,2.933962305172628682e+00
2.737500000000000000e+01,4.348399999999999821e+00,2.747558021545410156e+01,4.160426616668701172e+00,nan,nan,5.251929435563283732e+00,3.457994593826781315e+00,1.793940265759176533e+00
4.744100000000000250e+01,9.000099999999999767e+00,2.754354667663574219e+01,4.216605186462402344e+00,nan,nan,8.446329150033193400e+00,4.690949990002165393e+00,3.768229683026022236e+00
3.768299999999999983e+01,6.564600000000000435e+00,2.747016906738281250e+01,4.157017707824707031e+00,nan,nan,6.080420050454335978e+00,3.782968475071440739e+00,2.297608216389364522e+00
1.325700000000000145e+01,2.136899999999999800e+00,2.716567039489746094e+01,4.054261207580566406e+00,nan,nan,6.167697462868886760e+00,4.060367061344633655e+00,2.115351875408834736e+00
6.414100000000001245e+00,5.696299999999996366e-01,2.745448684692382812e+01,4.147819995880126953e+00,nan,nan,7.741923365426259807e+00,4.837146116940031604e+00,2.908361633404440205e+00
2.727400000000000091e+01,4.246900000000000119e+00,2.789505004882812500e+01,4.315394878387451172e+00,nan,nan,5.255467924905019572e+00,3.460836304871092839e+00,1.794673939331716817e+00
4.985300000000000153e+01,8.875500000000000611e+00,2.804803466796875000e+01,4.431060791015625000e+00,nan,nan,8.376534972024160197e+00,4.933733059612761096e+00,3.482131918057150166e+00
3.991700000000000159e+01,6.526799999999999713e+00,2.747536659240722656e+01,4.160924911499023438e+00,nan,nan,6.219959053826528361e+00,3.940323425976286931e+00,2.280226190670675557e+00
1.407400000000000162e+01,1.970900000000000318e+00,2.741540718078613281e+01,4.129100322723388672e+00,nan,nan,6.207435402703481486e+00,4.012538267818937854e+00,2.199227769955343526e+00
5.513700000000000045e+00,5.171499999999999986e-01,2.735377120971679688e+01,4.107645511627197266e+00,nan,nan,7.832253966164785197e+00,4.941284252850065783e+00,2.909125526531881611e+00
2.912099999999999866e+01,4.365800000000000125e+00,2.907938194274902344e+01,4.666206836700439453e+00,nan,nan,5.272128734421926310e+00,3.464890433994780583e+00,1.807367523297018330e+00
5.129999999999999716e+01,8.950300000000000367e+00,2.881584358215332031e+01,4.710911750793457031e+00,nan,nan,8.260266814065175822e+00,5.019091679302702502e+00,3.311114986523336690e+00
4.117100000000000648e+01,6.584999999999999964e+00,2.753096961975097656e+01,4.187147617340087891e+00,nan,nan,6.327020678353505900e+00,4.037635161129484729e+00,2.293600519283956807e+00
1.391000000000000014e+01,2.032099999999999795e+00,2.706860351562500000e+01,4.010778903961181641e+00,nan,nan,6.125386032891469767e+00,3.997474981991301579e+00,2.136607130154318135e+00
6.380700000000000927e+00,5.876800000000002022e-01,2.734243774414062500e+01,4.104564189910888672e+00,nan,nan,7.670196566415029338e+00,4.824263884274015979e+00,2.863868315800375264e+00
2.885999999999999943e+01,4.421899999999999942e+00,2.744206428527832031e+01,4.237024784088134766e+00,nan,nan,5.259813580346303752e+00,3.465054048744689030e+00,1.794761200531667988e+00
5.202600000000000335e+01,9.171799999999999287e+00,2.906766700744628906e+01,4.797476291656494141e+00,nan,nan,8.350829157662587932e+00,5.078620745388517932e+00,3.381696899517721455e+00
4.069899999999999807e+01,6.504999999999999893e+00,2.821714019775390625e+01,4.413137435913085938e+00,nan,nan,6.108210120034414103e+00,3.944001151768218083e+00,2.177523453816122334e+00
1.411599999999999966e+01,2.141999999999999904e+00,2.650605773925781250e+01,3.872223854064941406e+00,nan,nan,5.986339125466543010e+00,3.937008573261748356e+00,2.058234413250631611e+00
6.263999999999999346e+00,3.638200000000000323e-01,2.731023406982421875e+01,4.094726562500000000e+00,nan,nan,7.814116988015371135e+00,4.835115744320402698e+00,2.998084982021993916e+00
2.930199999999999960e+01,4.528000000000000469e+00,2.710343360900878906e+01,4.167586326599121094e+00,nan,nan,5.276534232926564982e+00,3.474391593185912175e+00,1.802155931576437276e+00
5.189899999999999380e+01,8.845900000000000318e+00,3.041616821289062500e+01,5.222363471984863281e+00,nan,nan,7.633134875130849650e+00,4.867123676983366565e+00,2.882293780430502217e+00
4.117000000000000171e+01,6.647800000000000153e+00,3.108969879150390625e+01,5.130178928375244141e+00,nan,nan,5.777326140237050822e+00,3.782731963840971989e+00,2.011750300511068623e+00
1.415299999999999869e+01,2.193700000000000205e+00,2.650437927246093750e+01,3.889920473098754883e+00,nan,nan,5.973969015908437541e+00,3.934032632557402653e+00,2.047059257610983174e+00
6.075199999999998823e+00,2.240899999999999004e-01,2.707208824157714844e+01,4.022424697875976562e+00,nan,nan,7.831441435647207072e+00,4.825748993603239612e+00,3.037095745190328877e+00
2.904400000000000048e+01,4.499399999999999622e+00,2.700608253479003906e+01,4.177267074584960938e+00,nan,nan,5.272839460206228068e+00,3.472670985905180974e+00,1.800181944950765889e+00
5.121600000000000108e+01,8.878600000000000492e+00,3.291065979003906250e+01,5.956552982330322266e+00,nan,nan,6.887197527718740275e+00,4.477078391758452014e+00,2.514628847225851338e+00
3.984799999999999898e+01,6.538400000000000212e+00,3.478069686889648438e+01,5.941903114318847656e+00,nan,nan,5.424632582497793010e+00,3.566219820229064030e+00,1.864066858872122090e+00
1.492900000000000027e+01,2.336500000000000021e+00,2.595696640014648438e+01,3.775006771087646484e+00,nan,nan,5.811671528649526408e+00,3.839264108387480778e+00,1.978699524983114522e+00
6.209700000000001552e+00,5.020500000000001073e-01,2.631108665466308594e+01,3.818638801574707031e+00,nan,nan,7.396151099038320353e+00,4.705447985378752307e+00,2.737983663662618916e+00
2.846199999999999974e+01,4.383300000000000196e+00,2.641522216796875000e+01,4.155041217803955078e+00,nan,nan,5.271856221986013225e+00,3.475123240200530095e+00,1.796785910710043233e+00
5.200899999999999324e+01,9.114200000000000301e+00,3.277252197265625000e+01,5.954628467559814453e+00,nan,nan,7.077222380471425822e+00,4.579725815502653674e+00,2.622956235989279072e+00
4.169200000000000017e+01,6.797000000000000597e+00,3.695452880859375000e+01,6.471023082733154297e+00,nan,nan,5.415747675728994182e+00,3.564960612503539128e+00,1.855571826084799092e+00
1.420099999999999874e+01,2.220600000000000129e+00,2.273534965515136719e+01,3.082072734832763672e+00,nan,nan,5.568289670777517131e+00,3.697424365726958317e+00,1.876859148129171651e+00
6.372199999999999420e+00,6.758399999999995522e-01,2.286482429504394531e+01,3.021172523498535156e+00,nan,nan,6.509973797631460002e+00,4.291541530338774280e+00,2.276792605503744404e+00
2.931199999999999761e+01,4.479800000000000004e+00,2.557086372375488281e+01,4.142463684082031250e+00,nan,nan,5.312180194688039592e+00,3.508408321587096257e+00,1.803914685829824727e+00
5.121999999999999886e+01,9.249299999999999855e+00,3.116491508483886719e+01,5.545285701751708984e+00,nan,nan,7.434191737008291057e+00,4.680742336956511096e+00,2.903277834042257588e+00
4.114600000000000080e+01,6.797000000000000597e+00,3.342691802978515625e+01,5.777756214141845703e+00,nan,nan,5.573522362542348674e+00,3.664108349529753728e+00,1.923586745842642109e+00
1.432200000000000095e+01,2.201299999999999812e+00,1.682270050048828125e+01,1.908031582832336426e+00,nan,nan,5.357725295853811076e+00,3.518456055370818181e+00,1.839429517372793477e+00
7.403900000000000148e+00,5.406699999999999839e-01,1.765233421325683594e+01,1.907680630683898926e+00,nan,nan,5.770420822930532267e+00,3.805713369099150700e+00,1.998460729702657979e+00
2.864400000000000190e+01,4.479800000000000004e+00,2.552745628356933594e+01,4.078166484832763672e+00,nan,nan,5.303177389931875041e+00,3.495397938934813542e+00,1.807969470604605000e+00
5.279800000000000182e+01,9.326599999999999113e+00,3.038444137573242188e+01,5.362291336059570312e+00,nan,nan,7.887958559823232463e+00,4.987935377804289416e+00,3.059166629894918721e+00
4.072099999999999653e+01,6.893500000000000405e+00,2.952031135559082031e+01,4.798560619354248047e+00,nan,nan,6.013961348366933635e+00,3.852391912189971013e+00,2.182112176998800557e+00
1.517200000000000060e+01,2.201299999999999812e+00,2.250969696044921875e+01,2.935608625411987305e+00,nan,nan,5.500804695916372111e+00,3.641416026798735661e+00,1.865138967617697041e+00
4.976400000000001711e+00,9.654800000000030025e-02,2.382846832275390625e+01,3.167070388793945312e+00,nan,nan,7.036657366585927775e+00,4.540158583370695666e+00,2.592600544079489033e+00
2.755199999999999960e+01,4.421899999999999942e+00,2.643196296691894531e+01,4.058744430541992188e+00,nan,nan,5.269705805611806682e+00,3.466117157188902898e+00,1.803683956249899190e+00
5.231300000000000239e+01,9.423099999999999810e+00,2.980510902404785156e+01,5.183762073516845703e+00,nan,nan,8.131884608102041057e+00,5.010034395901213244e+00,3.255192716702169697e+00
4.126699999999999591e+01,7.163899999999999935e+00,2.818218421936035156e+01,4.397289276123046875e+00,nan,nan,6.432355675530629924e+00,3.991574598995696110e+00,2.456709344967550557e+00
1.432200000000000095e+01,2.239900000000000002e+00,2.535036277770996094e+01,3.609063386917114258e+00,nan,nan,5.797397408318715861e+00,3.841102673260222478e+00,1.970319707974142354e+00
5.826000000000000512e+00,3.668800000000000949e-01,2.652001571655273438e+01,3.838603258132934570e+00,nan,nan,7.548253092599111369e+00,4.780483557430754260e+00,2.822771986111349385e+00
2.706699999999999662e+01,4.363999999999999879e+00,2.687465286254882812e+01,4.083451271057128906e+00,nan,nan,5.259382161927419475e+00,3.460881723610411687e+00,1.798538227661794942e+00
5.146300000000000097e+01,9.442399999999999238e+00,2.816633987426757812e+01,4.524114608764648438e+00,nan,nan,8.876735720467763713e+00,5.138732744900236682e+00,3.816010673626608174e+00
4.102499999999999858e+01,7.260399999999999743e+00,2.752970504760742188e+01,4.182696819305419922e+00,nan,nan,6.639439854455190471e+00,4.025439335552702502e+00,2.617529590710348408e+00
1.505000000000000071e+01,2.239900000000000002e+00,1.725436019897460938e+01,2.382011413574218750e+00,nan,nan,5.344536099267202189e+00,3.516713036743651433e+00,1.829500575646108906e+00
4.369499999999998607e+00,4.054999999999999716e-01,2.742945098876953125e+01,4.135914325714111328e+00,nan,nan,8.110799822640615275e+00,5.114067866055021838e+00,3.003739078625387471e+00
2.591199999999999903e+01,4.504999999999999893e+00,2.738586997985839844e+01,4.140168190002441406e+00,nan,nan,5.267756137681203654e+00,3.465281500069151921e+00,1.802463193520254414e+00
4.818600000000000705e+01,9.133499999999999730e+00,2.752173233032226562e+01,4.197746276855468750e+00,nan,nan,8.665646109414296916e+00,4.787726475445280627e+00,3.893276413067526143e+00
3.963000000000000256e+01,7.330799999999999983e+00,2.747085571289062500e+01,4.157223224639892578e+00,nan,nan,6.589819941353994182e+00,3.918661548344145817e+00,2.671489437206930440e+00
1.602100000000000080e+01,1.950299999999999923e+00,1.996297454833984375e+01,2.938721656799316406e+00,nan,nan,5.431707653832631877e+00,3.537475063053618474e+00,1.898664017304128926e+00
2.651800000000001489e+00,6.612099999999996314e-01,2.746860313415527344e+01,4.155593872070312500e+00,nan,nan,8.235853705239492228e+00,5.377232624737272815e+00,2.858863194569296162e+00
2.518499999999999872e+01,4.672900000000000276e+00,2.746887207031250000e+01,4.155939102172851562e+00,nan,nan,5.287761006188588908e+00,3.474145366398345036e+00,1.813619096859640401e+00
4.460499999999999687e+01,9.345900000000000318e+00,2.747587013244628906e+01,4.164390087127685547e+00,nan,nan,8.503269228768544963e+00,4.372242166248808459e+00,4.133070190533346455e+00
3.477400000000000091e+01,7.144599999999999618e+00,2.746897697448730469e+01,4.155982017517089844e+00,nan,nan,6.196239743066030314e+00,3.624205185619841618e+00,2.572046716793722432e+00
4.175300000000000011e+01,8.303100000000000591e+00,2.746900177001953125e+01,4.156028270721435547e+00,nan,nan,7.389322075677114299e+00,4.093762828556547717e+00,3.295615156277365010e+00
3.774800000000000466e+01,7.009400000000000297e+00,2.746896743774414062e+01,4.155968189239501953e+00,nan,nan,6.290095124077993205e+00,3.787181450573454899e+00,2.502926667317098897e+00
1.786799999999999855e+01,3.495000000000000107e+00,2.746842765808105469e+01,4.155638694763183594e+00,nan,nan,5.573658737969594767e+00,3.745133949963103337e+00,1.828542013748831074e+00
4.126699999999999591e+00,1.737899999999998890e-01,2.746897888183593750e+01,4.155950069427490234e+00,nan,nan,8.334195647072988322e+00,5.155939890591154651e+00,3.178311784847921651e+00
1.948099999999999810e+01,3.012300000000000200e+00,2.746899795532226562e+01,4.155987739562988281e+00,nan,nan,5.561559710335927775e+00,3.656760646549712224e+00,1.904806275948232930e+00
4.381600000000000250e+01,8.399699999999999278e+00,2.747296905517578125e+01,4.161460399627685547e+00,nan,nan,7.649868044686513713e+00,4.290275050846586780e+00,3.360380371197408955e+00
4.053900000000000148e+01,7.550099999999999589e+00,2.746903800964355469e+01,4.156041145324707031e+00,nan,nan,6.788763317895131877e+00,3.990268542019377751e+00,2.798547466381735127e+00
1.814600000000000080e+01,3.224699999999999900e+00,2.744620704650878906e+01,4.148089885711669922e+00,nan,nan,5.592983517480092814e+00,3.727584554401885075e+00,1.865683456047720234e+00
3.641200000000001324e+00,3.861900000000004773e-01,2.746845245361328125e+01,4.155524730682373047e+00,nan,nan,8.260568175149160197e+00,5.227216316906462268e+00,3.033633192166036885e+00
2.104500000000000171e+01,3.282599999999999962e+00,2.746921730041503906e+01,4.156172275543212891e+00,nan,nan,5.443641218972402385e+00,3.586521698681365056e+00,1.857132156475729268e+00
4.521199999999999619e+01,8.419000000000000483e+00,2.757289886474609375e+01,4.255726337432861328e+00,nan,nan,7.713995966744619182e+00,4.427091910091887073e+00,3.293729980572408955e+00
4.232399999999999807e+01,8.034599999999999298e+00,2.747273063659667969e+01,4.158453464508056641e+00,nan,nan,7.248259339165883830e+00,4.145245267597685412e+00,3.104031761273092549e+00
2.039099999999999824e+01,3.224699999999999900e+00,2.743493080139160156e+01,4.143606185913085938e+00,nan,nan,5.477949652505117228e+00,3.612813188282500310e+00,1.865456302746481221e+00
6.797000000000000597e+00,4.054999999999999716e-01,2.712858390808105469e+01,4.038723468780517578e+00,nan,nan,7.664003882241445353e+00,4.742942167965422229e+00,2.937705834492391865e+00
2.218599999999999994e+01,3.182300000000000129e+00,2.759781074523925781e+01,4.207896232604980469e+00,nan,nan,5.432839188409047892e+00,3.549583389011870427e+00,1.883574922665304463e+00
4.830699999999999505e+01,8.689299999999999358e+00,2.792125511169433594e+01,4.421620368957519531e+00,nan,nan,8.068098101449209025e+00,4.749432160107145862e+00,3.349264581783956807e+00
4.346800000000000352e+01,7.778299999999999770e+00,2.756139183044433594e+01,4.199847221374511719e+00,nan,nan,7.140045914483266642e+00,4.245878888813505725e+00,2.903619011028951924e+00
2.069400000000000261e+01,3.437100000000000044e+00,2.741731071472167969e+01,4.135381698608398438e+00,nan,nan,5.433548364472585490e+00,3.599142028538237614e+00,1.834641297444052022e+00
4.551600000000000534e+00,3.475700000000001566e-01,2.532495307922363281e+01,3.516507387161254883e+00,nan,nan,7.358914646935659221e+00,4.781530691830168323e+00,2.649809558972067158e+00
2.190800000000000125e+01,3.089500000000000135e+00,2.881185722351074219e+01,4.572908401489257812e+00,nan,nan,5.597265038323598674e+00,3.611464633194457097e+00,1.987223108395284932e+00
4.873199999999999932e+01,8.727999999999999758e+00,3.175932884216308594e+01,5.571040630340576172e+00,nan,nan,6.918005499673085978e+00,4.343804671017180041e+00,2.638300855740255635e+00
4.399800000000000466e+01,7.376299999999999635e+00,3.030456542968750000e+01,5.041179180145263672e+00,nan,nan,6.269993338418203166e+00,4.041169597355375842e+00,2.272518714054769795e+00
2.094999999999999929e+01,3.496100000000000207e+00,2.690131568908691406e+01,4.027628898620605469e+00,nan,nan,5.388343844247060588e+00,3.570489896980773015e+00,1.818251510246938984e+00
4.078800000000001091e+00,6.355300000000001504e-01,1.898324966430664062e+01,2.255394220352172852e+00,nan,nan,6.144249710869985392e+00,4.140500737873564319e+00,2.050515969380087178e+00
2.178699999999999903e+01,3.243999999999999773e+00,2.251627540588378906e+01,3.601817131042480469e+00,nan,nan,5.292781624627309611e+00,3.479622496811400456e+00,1.813250799759573262e+00
4.824699999999999989e+01,8.727999999999999758e+00,5.030974197387695312e+01,9.881081581115722656e+00,nan,nan,5.512734923196035197e+00,3.543492032734404606e+00,1.982084115132040303e+00
4.448399999999999466e+01,7.279700000000000060e+00,5.010965728759765625e+01,9.256569862365722656e+00,nan,nan,5.745268616509633830e+00,3.618539346901427312e+00,2.161753972157186787e+00
2.088400000000000034e+01,3.334099999999999842e+00,2.718130874633789062e+01,4.098775863647460938e+00,nan,nan,5.424895081353383830e+00,3.582522107807646794e+00,1.842617233380026143e+00
4.126699999999999591e+00,6.283699999999998731e-01,2.646599388122558594e+01,3.855232954025268555e+00,nan,nan,7.641828093362050822e+00,4.998653246609221057e+00,2.689424355610555928e+00
2.105900000000000105e+01,3.398499999999999854e+00,2.524194145202636719e+01,3.821314811706542969e+00,nan,nan,5.333517107796865275e+00,3.521277500835906071e+00,1.812646825894064229e+00
4.764000000000000057e+01,8.554199999999999804e+00,5.288404464721679688e+01,1.002984333038330078e+01,nan,nan,5.619700941872793010e+00,3.607466532436858220e+00,2.037299831494039815e+00
4.327000000000000313e+01,7.414900000000000269e+00,3.697209930419921875e+01,6.478044986724853516e+00,nan,nan,5.516436252427297404e+00,3.613477780071745915e+00,1.914201815708822529e+00
2.110900000000000176e+01,3.342400000000000038e+00,2.746728134155273438e+01,4.157390117645263672e+00,nan,nan,5.432266149354177287e+00,3.583896710125456853e+00,1.848375876530355733e+00
4.951299999999999812e+00,7.948200000000000820e-01,2.741223907470703125e+01,4.129663944244384766e+00,nan,nan,7.778802428078847697e+00,5.028516842571745471e+00,2.759518941029257100e+00
2.142300000000000182e+01,3.417800000000000171e+00,2.721248817443847656e+01,4.102499961853027344e+00,nan,nan,5.395942721200185588e+00,3.563499404636870427e+00,1.832734604462332051e+00
4.709300000000000352e+01,8.515599999999999170e+00,3.550468826293945312e+01,6.262027263641357422e+00,nan,nan,6.088435206246572307e+00,3.885663224903594060e+00,2.245690067394918721e+00
4.237399999999999523e+01,7.067299999999999471e+00,2.879837608337402344e+01,4.568824291229248047e+00,nan,nan,6.347142729592519572e+00,4.031901551929960803e+00,2.336324651821798604e+00
2.129599999999999937e+01,3.501700000000000035e+00,2.746874046325683594e+01,4.156445980072021484e+00,nan,nan,5.404384646249013713e+00,3.576640142647276921e+00,1.827750583275503438e+00
4.848800000000000665e+00,5.197099999999998943e-01,2.743790245056152344e+01,4.139966964721679688e+00,nan,nan,7.973063502145009807e+00,5.047113014904509143e+00,2.932990511044210713e+00
2.142300000000000182e+01,3.243999999999999773e+00,2.730441284179687500e+01,4.117373466491699219e+00,nan,nan,5.424370560479360392e+00,3.566480173317442937e+00,1.858207662686056416e+00
4.800399999999999778e+01,8.882400000000000517e+00,3.448816680908203125e+01,6.040203094482421875e+00,nan,nan,6.451208147835927775e+00,4.027053310123930530e+00,2.484198530300802510e+00
4.254200000000000159e+01,7.376299999999999635e+00,2.989927291870117188e+01,4.833086490631103516e+00,nan,nan,6.286039147210317424e+00,3.957400037495146794e+00,2.355478246792501729e+00
2.144400000000000261e+01,3.566699999999999982e+00,2.745380973815917969e+01,4.152495861053466797e+00,nan,nan,5.390816602540212443e+00,3.570504500118742985e+00,1.820327003582662861e+00
4.248100000000000875e+00,2.510200000000000209e-01,2.726075744628906250e+01,4.075323581695556641e+00,nan,nan,8.137674364876943400e+00,5.103614165035734729e+00,3.057712753399557393e+00
2.117999999999999972e+01,3.166799999999999837e+00,2.690860557556152344e+01,4.031408309936523438e+00,nan,nan,5.420761499238210490e+00,3.562588109222899480e+00,1.858962734326071065e+00
4.891399999999999437e+01,8.805199999999999250e+00,3.820688247680664062e+01,7.001873493194580078e+00,nan,nan,5.901274714303212932e+00,3.831891609875212712e+00,2.107641418560690205e+00
4.320899999999999608e+01,7.395599999999999952e+00,3.609516143798828125e+01,6.273383140563964844e+00,nan,nan,5.571298751664357951e+00,3.643320395199309392e+00,1.942603309735006611e+00
2.195400000000000063e+01,3.732800000000000118e+00,2.662951278686523438e+01,3.983451604843139648e+00,nan,nan,5.328803453278737834e+00,3.529342247692595524e+00,1.799599130734152119e+00
3.155699999999999505e+00,-9.654800000000030025e-02,2.457468223571777344e+01,3.400944709777832031e+00,nan,nan,7.602839503121572307e+00,4.858506514278898791e+00,2.831773479565328877e+00
2.057300000000000040e+01,3.070199999999999818e+00,2.653798294067382812e+01,3.944206953048706055e+00,nan,nan,5.435043368172841838e+00,3.573180629459868474e+00,1.863594194039053242e+00
4.982399999999999807e+01,8.708600000000000563e+00,3.004418373107910156e+01,5.193324089050292969e+00,nan,nan,7.371442351174550822e+00,4.657618357388029651e+00,2.816550810917562764e+00
4.484799999999999898e+01,7.646600000000000286e+00,2.954816436767578125e+01,4.819993495941162109e+00,nan,nan,6.616189036202626994e+00,4.182954980579863147e+00,2.479946692570394795e+00
2.239400000000000190e+01,3.668800000000000061e+00,2.427108764648437500e+01,3.514010190963745117e+00,nan,nan,5.287488851380544475e+00,3.482060147968779606e+00,1.805433948620504658e+00
2.306100000000000705e+00,-2.317200000000001481e-01,2.398598480224609375e+01,3.275888681411743164e+00,nan,nan,7.621393713784414103e+00,4.886916233746061877e+00,2.834487755879110615e+00
1.978400000000000247e+01,3.012300000000000200e+00,2.605226707458496094e+01,3.863628149032592773e+00,nan,nan,5.446580681634145549e+00,3.586887850014220280e+00,1.862128933056539815e+00
5.018899999999999295e+01,8.785899999999999821e+00,3.943837738037109375e+01,8.410418510437011719e+00,nan,nan,5.748522791695791057e+00,3.844977213589201970e+00,1.912439783199972432e+00
4.527300000000000324e+01,7.704500000000000348e+00,2.783939933776855469e+01,4.293723106384277344e+00,nan,nan,7.182646069359975627e+00,4.402804805485258655e+00,2.798991282566732686e+00
2.284400000000000119e+01,3.591600000000000126e+00,2.711745071411132812e+01,4.060205936431884766e+00,nan,nan,5.331211361718374064e+00,3.517190529552947087e+00,1.814466138466543477e+00
1.759899999999998244e+00,-3.282600000000002183e-01,2.746536827087402344e+01,4.153539657592773438e+00,nan,nan,9.059880289864736369e+00,5.516903235165129260e+00,3.545544584377950947e+00
1.899500000000000099e+01,3.147499999999999964e+00,2.743357467651367188e+01,4.144805908203125000e+00,nan,nan,5.557878765893178752e+00,3.680037214008818669e+00,1.878179450615591328e+00
4.897500000000000142e+01,8.708600000000000563e+00,2.792832565307617188e+01,4.387300491333007812e+00,nan,nan,8.204534087014394572e+00,4.834346844402800158e+00,3.397620399578756611e+00
4.539399999999999835e+01,7.665900000000000603e+00,2.747143173217773438e+01,4.157481670379638672e+00,nan,nan,7.325341496300893596e+00,4.458915187565336780e+00,2.867131193264669697e+00
2.039099999999999824e+01,3.166799999999999837e+00,2.571868133544921875e+01,3.832030534744262695e+00,nan,nan,5.390213761162954142e+00,3.554397954193602605e+00,1.837360222920126240e+00
1.820599999999998886e-01,1.737899999999998890e-01,2.746895027160644531e+01,4.155907154083251953e+00,nan,nan,8.956499609780507853e+00,5.778333498684416369e+00,3.178240259274191182e+00
1.656799999999999784e+01,3.186100000000000154e+00,2.746896553039550781e+01,4.155940532684326172e+00,nan,nan,5.700792584252553752e+00,3.828224612919341130e+00,1.872573514565176289e+00
4.721500000000000341e+01,7.897600000000000620e+00,2.746903800964355469e+01,4.156075954437255859e+00,nan,nan,7.688436064553457072e+00,4.673017336575041369e+00,3.015530784710592549e+00
4.169200000000000017e+01,7.627299999999999969e+00,2.746896743774414062e+01,4.155973434448242188e+00,nan,nan,6.933311018777089885e+00,4.088345600811491565e+00,2.844993312939352315e+00
2.223400000000000176e+01,3.080700000000000216e+00,2.746845245361328125e+01,4.155662059783935547e+00,nan,nan,5.434736761880117228e+00,3.543285681454192204e+00,1.891466518028921406e+00
2.403199999999999648e+01,3.746100000000000207e+00,2.657798767089843750e+01,4.123714923858642578e+00,nan,nan,5.287709030938344767e+00,3.482365025726805730e+00,1.805338819607443135e+00
5.049199999999999733e+01,9.210699999999999221e+00,3.105866813659667969e+01,5.426468849182128906e+00,nan,nan,7.462753090691762736e+00,4.611438824383268908e+00,2.970935304745382588e+00
4.460499999999999687e+01,7.144599999999999618e+00,3.541308975219726562e+01,6.275061130523681641e+00,nan,nan,5.635351452660756877e+00,3.742059661594878239e+00,1.911186118706411641e+00
1.796300000000000097e+01,2.838499999999999801e+00,2.455941963195800781e+01,3.504335403442382812e+00,nan,nan,5.444241676163869670e+00,3.603346182552825017e+00,1.843123098000234883e+00
4.126699999999999591e+00,3.475700000000001566e-01,1.718664360046386719e+01,1.898717761039733887e+00,nan,nan,5.985878500771718791e+00,3.992509795872221989e+00,2.037660916432089131e+00
2.391099999999999781e+01,3.746100000000000207e+00,2.432815170288085938e+01,3.761631250381469727e+00,nan,nan,5.269601735902028850e+00,3.471450401989470524e+00,1.798234243973440449e+00
5.024899999999999523e+01,9.133499999999999730e+00,4.686917877197265625e+01,9.107019424438476562e+00,nan,nan,5.434396776986318400e+00,3.557547165600310368e+00,1.881418605431265156e+00
4.314899999999999380e+01,6.951500000000000234e+00,5.349277877807617188e+01,9.881408691406250000e+00,nan,nan,6.230264220071035197e+00,3.819923950878630681e+00,2.499294002636617940e+00
1.893400000000000105e+01,2.896399999999999864e+00,2.555462646484375000e+01,3.731753826141357422e+00,nan,nan,5.459498081040578654e+00,3.601068629471312565e+00,1.860370119198507588e+00
3.944700000000000983e+00,4.634299999999997866e-01,2.366573715209960938e+01,3.218638420104980469e+00,nan,nan,7.020076784920888713e+00,4.643107964245329455e+00,2.447775204762167256e+00
2.433599999999999852e+01,3.688099999999999934e+00,2.514917755126953125e+01,3.878066778182983398e+00,nan,nan,5.268779430222707560e+00,3.469675614086638493e+00,1.799153586014456074e+00
4.964199999999999591e+01,8.921099999999999142e+00,5.627065277099609375e+01,1.087864303588867188e+01,nan,nan,5.776040110421376994e+00,3.655752493587981267e+00,2.160479505642599385e+00
4.333100000000000307e+01,7.163899999999999935e+00,5.078196334838867188e+01,9.137458801269531250e+00,nan,nan,5.798576626610952189e+00,3.681558920589934392e+00,2.158466179951376240e+00
1.844900000000000162e+01,2.819199999999999484e+00,2.648055648803710938e+01,3.929425239562988281e+00,nan,nan,5.562869701218801310e+00,3.661922170368681950e+00,1.902880688294119160e+00
4.430199999999999250e+00,6.372200000000001197e-01,2.537783813476562500e+01,3.599962234497070312e+00,nan,nan,7.295067105126577189e+00,4.804686381069670276e+00,2.548562963589376729e+00
2.469999999999999929e+01,3.572299999999999809e+00,2.574804306030273438e+01,3.948595762252807617e+00,nan,nan,5.275446567368703654e+00,3.468613459316741032e+00,1.806886692627615254e+00
4.824699999999999989e+01,8.921099999999999142e+00,5.539565658569335938e+01,1.068475627899169922e+01,nan,nan,5.742384466958242228e+00,3.672965242115508122e+00,2.108368356808370869e+00
4.339199999999999591e+01,7.183200000000000252e+00,3.940140533447265625e+01,6.907081604003906250e+00,nan,nan,5.402959141564565471e+00,3.551989926544676823e+00,1.854880233391470234e+00
1.826699999999999946e+01,2.915799999999999947e+00,2.649427604675292969e+01,3.931244850158691406e+00,nan,nan,5.555334958863454631e+00,3.671726061550627751e+00,1.885415752514547627e+00
5.037099999999998801e+00,5.020500000000001073e-01,2.510687637329101562e+01,3.544447183609008789e+00,nan,nan,7.222093138528066447e+00,4.693752600399504260e+00,2.588249166592306416e+00
2.482099999999999795e+01,3.475699999999999790e+00,2.517344665527343750e+01,3.873767137527465820e+00,nan,nan,5.277739796471792033e+00,3.467898978439818425e+00,1.809876700028127949e+00
5.061299999999999955e+01,8.921099999999999142e+00,4.643473815917968750e+01,8.963723182678222656e+00,nan,nan,5.448547634911733439e+00,3.573279990402709050e+00,1.878752608879751484e+00
4.333100000000000307e+01,7.067299999999999471e+00,3.618099975585937500e+01,6.260549545288085938e+00,nan,nan,5.527140650582509807e+00,3.644949151722441716e+00,1.892826517208761494e+00
1.893400000000000105e+01,2.877099999999999991e+00,2.497246360778808594e+01,3.627315521240234375e+00,nan,nan,5.428973350358205607e+00,3.580347968784819646e+00,1.850410421475118916e+00
4.945000000000000284e+00,3.089499999999998359e-01,2.134099006652832031e+01,2.769581794738769531e+00,nan,nan,6.538489374947744182e+00,4.279642297474394397e+00,2.322267850025839131e+00
2.488199999999999790e+01,3.649500000000000188e+00,2.451761436462402344e+01,3.782867193222045898e+00,nan,nan,5.269812140298085978e+00,3.470503164974700017e+00,1.799384434803671162e+00
5.140200000000000102e+01,8.805199999999999250e+00,3.307454299926757812e+01,6.014851093292236328e+00,nan,nan,6.841124329400258830e+00,4.479842497555265979e+00,2.457287748440450947e+00
4.454100000000000392e+01,7.067299999999999471e+00,3.042299652099609375e+01,5.000007152557373047e+00,nan,nan,6.219588312936025432e+00,4.077116920200834826e+00,2.174052794560140889e+00
1.881299999999999883e+01,2.896399999999999864e+00,2.129568672180175781e+01,2.907484054565429688e+00,nan,nan,5.316308770013051799e+00,3.501635505405913396e+00,1.814984698876089375e+00
3.884000000000000341e+00,5.792899999999967520e-02,2.061908912658691406e+01,2.661413192749023438e+00,nan,nan,6.621908936333852580e+00,4.311189486233244494e+00,2.381050785168356221e+00
2.427499999999999858e+01,3.514400000000000190e+00,2.628045272827148438e+01,3.953646659851074219e+00,nan,nan,5.287882003617482951e+00,3.476229263988982243e+00,1.811866779907888692e+00
5.188800000000000523e+01,8.843799999999999883e+00,2.860648918151855469e+01,4.695802211761474609e+00,nan,nan,8.241680178475576213e+00,5.128503872601042346e+00,3.215761383160299580e+00
4.442300000000000182e+01,7.241100000000000314e+00,2.786965370178222656e+01,4.312360286712646484e+00,nan,nan,6.824810776543813517e+00,4.309689594952116565e+00,2.535091598614401143e+00
1.923799999999999955e+01,2.741999999999999993e+00,2.488503074645996094e+01,3.546656370162963867e+00,nan,nan,5.424699458909230998e+00,3.566770269123564763e+00,1.860173662289327901e+00
2.670200000000001239e+00,-3.861899999999973687e-02,2.674202728271484375e+01,3.942979097366333008e+00,nan,nan,8.360962900948720744e+00,5.250098301617155627e+00,3.157556493862814229e+00
2.360699999999999932e+01,3.572299999999999809e+00,2.725326538085937500e+01,4.107899188995361328e+00,nan,nan,5.318356904816823771e+00,3.500968767849455876e+00,1.817628045662588399e+00
5.207000000000000028e+01,8.921099999999999142e+00,2.842973518371582031e+01,4.651678085327148438e+00,nan,nan,8.445722136330800822e+00,5.186990572659025744e+00,3.326263149365133565e+00
4.357399999999999807e+01,7.221799999999999997e+00,2.752607536315917969e+01,4.183480262756347656e+00,nan,nan,6.850921187234121135e+00,4.260138465610991076e+00,2.595945675953573506e+00
1.903800000000000026e+01,2.973700000000000010e+00,2.737162017822265625e+01,4.118237018585205078e+00,nan,nan,5.581522259545522502e+00,3.674859596935759587e+00,1.907708008869833272e+00
1.699200000000001154e+00,9.654800000000030025e-02,2.746237945556640625e+01,4.152000904083251953e+00,nan,nan,8.749749693703847697e+00,5.525985314098845080e+00,3.227080543621725361e+00
2.348600000000000065e+01,3.765400000000000080e+00,2.743333816528320312e+01,4.145971298217773438e+00,nan,nan,5.310459647011953166e+00,3.506796492783080144e+00,1.803719421013540547e+00
5.103800000000000381e+01,8.766600000000000392e+00,2.759730339050292969e+01,4.238167285919189453e+00,nan,nan,8.715081724953847697e+00,5.168199612347136096e+00,3.564521272762960713e+00
4.405899999999999750e+01,7.337699999999999889e+00,2.747266769409179688e+01,4.158277511596679688e+00,nan,nan,6.988982472253042033e+00,4.315213515011320666e+00,2.674571474178976338e+00
1.814600000000000080e+01,2.722700000000000120e+00,2.717421150207519531e+01,4.078687191009521484e+00,nan,nan,5.665028128457265666e+00,3.713119699207793278e+00,1.954100568875021260e+00
2.973700000000000898e+00,4.248099999999999099e-01,2.746882438659667969e+01,4.155769824981689453e+00,nan,nan,8.336183104348378947e+00,5.327807499615202502e+00,3.008522232159323018e+00
2.052899999999999991e+01,3.552299999999999791e+00,2.746855163574218750e+01,4.155718326568603516e+00,nan,nan,5.430143985581594279e+00,3.607974721638213200e+00,1.822179635151571553e+00
4.888800000000000523e+01,8.754799999999999471e+00,2.747009086608886719e+01,4.157401084899902344e+00,nan,nan,8.524302038979726603e+00,4.887458874432097033e+00,3.637942989453024190e+00
4.178300000000000125e+01,7.448199999999999932e+00,2.746924018859863281e+01,4.156195163726806641e+00,nan,nan,6.835046801400380900e+00,4.096412374226103381e+00,2.738748510464376729e+00
1.781599999999999895e+01,2.896599999999999842e+00,2.688342475891113281e+01,4.029376983642578125e+00,nan,nan,5.620183977914052775e+00,3.716182901112090153e+00,1.906402249916738789e+00
2.570800000000001972e+00,4.145199999999999996e-01,2.746896553039550781e+01,4.155933856964111328e+00,nan,nan,8.405313525033193400e+00,5.389848067013273791e+00,3.015518386944479268e+00
1.985200000000000031e+01,3.530400000000000205e+00,2.746898078918457031e+01,4.155957221984863281e+00,nan,nan,5.463189277482229045e+00,3.638702823368559880e+00,1.824491460903829854e+00
4.431300000000000239e+01,8.608200000000000074e+00,2.746904945373535156e+01,4.156144142150878906e+00,nan,nan,7.866886172127919963e+00,4.342100812641630725e+00,3.524925668820089619e+00
3.720599999999999596e+01,7.382500000000000284e+00,2.746895980834960938e+01,4.155982494354248047e+00,nan,nan,6.454812321496206096e+00,3.753374530521880192e+00,2.701451500042623799e+00
1.826699999999999946e+01,3.186100000000000154e+00,2.746843338012695312e+01,4.155649185180664062e+00,nan,nan,5.594340596032338908e+00,3.721754862514983220e+00,1.872608860119528096e+00
3.884000000000000341e+00,5.599799999999999223e-01,2.746897888183593750e+01,4.155972480773925781e+00,nan,nan,8.113480601144033244e+00,5.191420628277311877e+00,2.922112782581991475e+00
1.875199999999999889e+01,3.456399999999999917e+00,2.746898841857910156e+01,4.155972003936767578e+00,nan,nan,5.527789029908376506e+00,3.694699837414275212e+00,1.833094795330709736e+00
3.970900000000000318e+01,8.785899999999999821e+00,2.746900939941406250e+01,4.156050205230712891e+00,nan,nan,7.591199908089834025e+00,3.924802018848906560e+00,3.666458805187887471e+00
3.258899999999999864e+01,7.144599999999999618e+00,2.747157478332519531e+01,4.158426761627197266e+00,nan,nan,6.110227379632192424e+00,3.539777411667357487e+00,2.570462425335592549e+00
1.820599999999999952e+01,3.591600000000000126e+00,2.746896553039550781e+01,4.155942440032958984e+00,nan,nan,5.543398413491445353e+00,3.725291325298796696e+00,1.818111439331716817e+00
4.672900000000002052e+00,9.075499999999996348e-01,2.746898460388183594e+01,4.155966758728027344e+00,nan,nan,7.791278872323232463e+00,5.077403380123625354e+00,2.713919122799581807e+00
1.480799999999999983e+01,3.243999999999999773e+00,2.746898460388183594e+01,4.155967712402343750e+00,nan,nan,5.820493016076284221e+00,3.957463814465056462e+00,1.863035817726797383e+00
3.729200000000000159e+01,9.149599999999999511e+00,2.746899414062500000e+01,4.156011581420898438e+00,nan,nan,7.731506857705312541e+00,3.758611513821135564e+00,3.972930391415304463e+00
3.030599999999999739e+01,7.369500000000000384e+00,2.747035598754882812e+01,4.157540321350097656e+00,nan,nan,6.176080736947255900e+00,3.483130349365721745e+00,2.692953069790548604e+00
1.773900000000000077e+01,3.998800000000000132e+00,2.746898078918457031e+01,4.155959129333496094e+00,nan,nan,5.545321020913320353e+00,3.752934767452727360e+00,1.792389412506765645e+00
6.653800000000000381e+00,9.079299999999999038e-01,2.746898460388183594e+01,4.155967235565185547e+00,nan,nan,7.521838936639028361e+00,4.808173729626188830e+00,2.713703592404073994e+00
1.898499999999999943e+01,3.013300000000000090e+00,2.746898651123046875e+01,4.155970573425292969e+00,nan,nan,5.586742195916372111e+00,3.682208611217986149e+00,1.904540379627889912e+00
3.738100000000000023e+01,8.488500000000000156e+00,2.746898841857910156e+01,4.155994415283203125e+00,nan,nan,7.197348627877431682e+00,3.764085723606596989e+00,3.433289011105245869e+00
4.333100000000000307e+01,8.399699999999999278e+00,2.746988487243652344e+01,4.156854152679443359e+00,nan,nan,7.606405768227773478e+00,4.241915537563810901e+00,3.364994247540182393e+00
2.324300000000000210e+01,3.823300000000000143e+00,2.744719123840332031e+01,4.148676872253417969e+00,nan,nan,5.313511047196584514e+00,3.513215376583586735e+00,1.800339956864065449e+00
3.891099999999998005e+00,-2.124100000000002098e-01,2.727735137939453125e+01,4.085173130035400391e+00,nan,nan,8.539745840859609416e+00,5.159181668011198596e+00,3.396585901364034932e+00
1.766000000000000014e+01,2.297800000000000065e+00,2.746646499633789062e+01,4.155581951141357422e+00,nan,nan,5.849924835992055705e+00,3.757596804348479314e+00,2.092347462757772725e+00
4.478699999999999903e+01,7.511400000000000077e+00,2.760346984863281250e+01,4.283335208892822266e+00,nan,nan,7.066419873070913127e+00,4.377597762791166858e+00,2.695476015194601338e+00
4.654200000000000159e+01,8.032799999999999940e+00,2.747395896911621094e+01,4.159808635711669922e+00,nan,nan,7.689353976082998088e+00,4.590882255283842639e+00,3.100621660336202901e+00
2.494300000000000139e+01,3.958499999999999908e+00,2.746285057067871094e+01,4.152899742126464844e+00,nan,nan,5.271940383744436076e+00,3.477888120857726140e+00,1.794060249909109395e+00
4.248100000000000875e+00,-1.158599999999996299e-01,2.708464241027832031e+01,4.013205528259277344e+00,nan,nan,8.301571879220205119e+00,5.076243235317717151e+00,3.260695894344991963e+00
1.808500000000000085e+01,2.317200000000000149e+00,2.733768081665039062e+01,4.134393692016601562e+00,nan,nan,5.804175648522573283e+00,3.725011660305510564e+00,2.079499681576437276e+00
4.624399999999999977e+01,7.743199999999999861e+00,2.752000617980957031e+01,4.195749282836914062e+00,nan,nan,7.420986685586171916e+00,4.549827887264738635e+00,2.881141741856283467e+00
4.727600000000000335e+01,7.801099999999999923e+00,2.751346015930175781e+01,4.181059360504150391e+00,nan,nan,7.593960795235830119e+00,4.674053026882658557e+00,2.929728468044943135e+00
2.585300000000000153e+01,4.054999999999999716e+00,2.744323158264160156e+01,4.147762298583984375e+00,nan,nan,5.257585081887441447e+00,3.466030313221465153e+00,1.791561921223348897e+00
4.126699999999999591e+00,-1.158599999999996299e-01,2.494816589355468750e+01,3.485285997390747070e+00,nan,nan,7.594368491006093791e+00,4.784618450848112658e+00,2.893669207676595967e+00
1.796300000000000097e+01,2.336500000000000021e+00,2.683195686340332031e+01,4.034572601318359375e+00,nan,nan,5.746997389626699260e+00,3.704841448513518376e+00,2.044343669995016377e+00
4.593999999999999773e+01,8.013500000000000512e+00,2.777750968933105469e+01,4.310808658599853516e+00,nan,nan,7.421687159371572307e+00,4.483257366863737658e+00,2.967097480877584736e+00
4.697200000000000131e+01,7.665900000000000603e+00,2.769327926635742188e+01,4.256574630737304688e+00,nan,nan,7.387704882455068400e+00,4.613321019855986194e+00,2.795990069493002217e+00
2.597400000000000020e+01,4.132299999999999862e+00,2.740935897827148438e+01,4.145705223083496094e+00,nan,nan,5.255077991318898967e+00,3.464602722374449773e+00,1.790479441269583027e+00
4.052499999999998437e+00,7.723899999999961352e-02,2.353561592102050781e+01,3.228103637695312500e+00,nan,nan,7.180643591714101603e+00,4.615292741505156116e+00,2.641333063229269307e+00
1.821900000000000119e+01,2.375100000000000655e+00,2.401070022583007812e+01,3.593915462493896484e+00,nan,nan,5.501253280472951701e+00,3.574842108932982487e+00,1.929474850281423848e+00
4.557600000000000051e+01,7.936300000000000132e+00,3.190401077270507812e+01,5.537815570831298828e+00,nan,nan,6.289984974694448283e+00,4.039546920506010608e+00,2.297905643566793721e+00
4.738100000000000023e+01,7.577899999999999636e+00,2.891698455810546875e+01,4.645275592803955078e+00,nan,nan,7.001337084603505900e+00,4.511534167973051623e+00,2.533062775715536397e+00
2.585300000000000153e+01,4.170899999999999608e+00,2.743217468261718750e+01,4.158542633056640625e+00,nan,nan,5.256166372132497600e+00,3.465845896450530095e+00,1.790324588402456563e+00
4.640399999999999636e+00,1.737899999999998890e-01,2.406562042236328125e+01,3.333342075347900391e+00,nan,nan,7.187055620980459025e+00,4.611198140827665881e+00,2.646874507054037373e+00
1.832799999999999940e+01,2.413699999999999957e+00,2.117098808288574219e+01,3.159126996994018555e+00,nan,nan,5.363738093209462932e+00,3.508001937119017644e+00,1.857116838082021992e+00
4.600100000000000477e+01,7.936300000000000132e+00,4.693910598754882812e+01,8.942744255065917969e+00,nan,nan,5.466308150124746135e+00,3.525830282417784733e+00,1.947618146523184102e+00
4.685100000000000620e+01,7.858999999999999986e+00,3.137976455688476562e+01,5.328691482543945312e+00,nan,nan,6.493637118172841838e+00,4.196817709652433948e+00,2.349903901203817647e+00
2.609600000000000009e+01,4.093600000000000350e+00,2.753680801391601562e+01,4.193967819213867188e+00,nan,nan,5.256748590302663615e+00,3.464713765827666325e+00,1.792050440891927998e+00
5.522600000000000620e+00,3.861899999999973687e-02,2.320636749267578125e+01,3.132568359375000000e+00,nan,nan,6.950689587426381877e+00,4.414100958553801135e+00,2.610230405911154072e+00
1.816300000000000026e+01,2.646500000000000075e+00,2.076965713500976562e+01,3.071512460708618164e+00,nan,nan,5.331527147126394084e+00,3.505655659882079167e+00,1.826770802124685567e+00
4.678300000000000125e+01,7.962200000000000166e+00,6.126604461669921875e+01,1.186413192749023438e+01,nan,nan,6.903874907326894572e+00,4.086589886394987658e+00,2.969265421017355244e+00
4.732300000000000040e+01,7.823800000000000310e+00,3.687504196166992188e+01,6.614621639251708984e+00,nan,nan,5.756288323235708049e+00,3.815289570538054509e+00,1.966765483006185811e+00
2.612599999999999767e+01,4.223600000000000243e+00,2.746788597106933594e+01,4.198946952819824219e+00,nan,nan,5.255570802521901896e+00,3.464329435078154606e+00,1.791250963791555684e+00
3.914100000000001245e+00,-1.665900000000002379e-01,1.841743850708007812e+01,2.119425773620605469e+00,nan,nan,6.296686444115835002e+00,4.106211497036467151e+00,2.258263190373129170e+00
1.621499999999999986e+01,2.401299999999999990e+00,1.689200401306152344e+01,2.409545898437500000e+00,nan,nan,5.322645816636281779e+00,3.500976516453276677e+00,1.822486479862875264e+00
4.677100000000000080e+01,8.059900000000000730e+00,5.023831558227539062e+01,1.006949043273925781e+01,nan,nan,5.714836630654531291e+00,3.563687993732939763e+00,2.177028616055197041e+00
4.682600000000000051e+01,7.932999999999999829e+00,4.557358551025390625e+01,8.565037727355957031e+00,nan,nan,5.437172446084218791e+00,3.531892074791441960e+00,1.908762176617330830e+00
2.556300000000000239e+01,4.324900000000000411e+00,2.720129203796386719e+01,4.143793106079101562e+00,nan,nan,5.261655602288442424e+00,3.467666043488036198e+00,1.793992717846578877e+00
3.995200000000000529e+00,-2.070100000000003604e-01,8.910969734191894531e+00,3.157933354377746582e-01,nan,nan,5.479504737687307170e+00,3.599294139591704411e+00,1.891940374954885762e+00
1.736899999999999977e+01,2.467200000000000060e+00,2.091423797607421875e+01,2.936161279678344727e+00,nan,nan,5.357110295129018596e+00,3.524164332596312565e+00,1.835178931339926045e+00
4.665200000000000102e+01,8.186400000000000787e+00,3.310316467285156250e+01,6.081727027893066406e+00,nan,nan,6.171966109109121135e+00,4.029442741123686389e+00,2.199955661877340596e+00
4.604500000000000171e+01,7.971799999999999997e+00,3.149224853515625000e+01,5.382728576660156250e+00,nan,nan,6.422426972222524455e+00,4.113311483112822131e+00,2.373432596310323994e+00
2.717199999999999704e+01,4.546400000000000219e+00,2.711057090759277344e+01,4.118228912353515625e+00,nan,nan,5.266859326195913127e+00,3.459599150864134831e+00,1.807280679329580586e+00
3.619900000000001228e+00,-3.159499999999999531e-01,1.300560474395751953e+01,9.645608067512512207e-01,nan,nan,5.723982367348867228e+00,3.767025067059050603e+00,1.993102868183798115e+00
1.698300000000000054e+01,2.419900000000000162e+00,2.181529045104980469e+01,3.078785657882690430e+00,nan,nan,5.404657277894216350e+00,3.555286838261138005e+00,1.853755255325979512e+00
4.691799999999999926e+01,8.111299999999999955e+00,2.882589149475097656e+01,4.804901599884033203e+00,nan,nan,7.114727768731313517e+00,4.469836785046110705e+00,2.710465152844137471e+00
4.678800000000000381e+01,8.156399999999999650e+00,2.825312995910644531e+01,4.451882362365722656e+00,nan,nan,7.440618071389394572e+00,4.522321178165922717e+00,2.963790853604025166e+00
2.746800000000000352e+01,4.638999999999999346e+00,2.730000877380371094e+01,4.122338771820068359e+00,nan,nan,5.272809538674550822e+00,3.458727552143584294e+00,1.814100642784780781e+00
2.913900000000001711e+00,-4.552699999999996194e-01,2.346500015258789062e+01,3.077228546142578125e+00,nan,nan,7.461905989480214885e+00,4.739332033840666369e+00,2.838929851635641377e+00
1.611200000000000188e+01,2.268899999999999917e+00,1.839205741882324219e+01,2.627197027206420898e+00,nan,nan,5.344094905686574748e+00,3.512683762756835026e+00,1.833249290569967549e+00
4.627100000000000080e+01,8.202799999999999869e+00,2.872514533996582031e+01,4.793350696563720703e+00,nan,nan,7.142701897454458049e+00,4.412122918812285022e+00,2.776433666332907002e+00
4.796300000000000097e+01,8.391600000000000392e+00,2.785587692260742188e+01,4.304918766021728516e+00,nan,nan,7.920115504098134807e+00,4.713878466335783557e+00,3.233186443432516377e+00
2.629800000000000182e+01,4.496699999999999697e+00,2.736970329284667969e+01,4.126992225646972656e+00,nan,nan,5.264868292641835978e+00,3.461914791313658757e+00,1.802952368839926045e+00
3.830600000000000449e+00,-4.369100000000001316e-01,2.685888862609863281e+01,3.942414283752441406e+00,nan,nan,8.492801222634511760e+00,5.100982023922453479e+00,3.438368280514425557e+00
1.515400000000000169e+01,2.214500000000000135e+00,2.506314659118652344e+01,3.702552556991577148e+00,nan,nan,5.753467593026357463e+00,3.769585205761443181e+00,1.992042620762533467e+00
4.501699999999999591e+01,7.834400000000000475e+00,2.809429168701171875e+01,4.475760936737060547e+00,nan,nan,7.088830742669301799e+00,4.348240091053495959e+00,2.762657840832418721e+00
4.867699999999999960e+01,8.412499999999999645e+00,2.749781799316406250e+01,4.171348571777343750e+00,nan,nan,8.209006342721181682e+00,4.855202032772551135e+00,3.359427888973898213e+00
2.478099999999999881e+01,4.474499999999999922e+00,2.735520172119140625e+01,4.128944873809814453e+00,nan,nan,5.281505498719411662e+00,3.479425384251128239e+00,1.802031775101370137e+00
3.474199999999999733e+00,-4.161500000000000199e-01,2.743334197998046875e+01,4.138820648193359375e+00,nan,nan,8.839859995675283244e+00,5.245973898617277698e+00,3.600449760540670674e+00
1.433099999999999952e+01,2.354299999999999837e+00,2.746354866027832031e+01,4.153683185577392578e+00,nan,nan,6.068919215035634807e+00,3.995368196217070622e+00,2.073844035252279561e+00
4.245499999999999829e+01,7.394999999999999574e+00,2.747037315368652344e+01,4.157561779022216797e+00,nan,nan,6.864168677163320353e+00,4.157661391941557483e+00,2.707013090237325947e+00
4.257399999999999807e+01,8.362299999999999400e+00,2.746913719177246094e+01,4.156138420104980469e+00,nan,nan,7.507021937203603557e+00,4.168936802593718127e+00,3.338329036816305440e+00
2.427599999999999980e+01,4.518500000000000405e+00,2.746882438659667969e+01,4.155869960784912109e+00,nan,nan,5.291436347794729045e+00,3.489662303177367253e+00,1.801777203663534443e+00
2.245400000000000063e+00,-3.861899999999973687e-02,2.746896553039550781e+01,4.156326293945312500e+00,nan,nan,8.770512137246328166e+00,5.440469099728117541e+00,3.330102642162985127e+00
1.304800000000000004e+01,1.602700000000000014e+00,2.746898460388183594e+01,4.155967235565185547e+00,nan,nan,6.466882023644643596e+00,4.106009079662809924e+00,2.360890825375265401e+00
3.829400000000000404e+01,7.376299999999999635e+00,2.746898460388183594e+01,4.155976295471191406e+00,nan,nan,6.521071944070058635e+00,3.823090388027678532e+00,2.697999914272970479e+00
3.489500000000000313e+01,8.341799999999999216e+00,2.746913909912109375e+01,4.156170845031738281e+00,nan,nan,6.953211102318960002e+00,3.629785730091582341e+00,3.323435505016989033e+00
2.436699999999999733e+01,4.722999999999999865e+00,2.746897697448730469e+01,4.155956745147705078e+00,nan,nan,5.306245240998464396e+00,3.487877203670989079e+00,1.818371196373647969e+00
1.213699999999999335e+00,2.124100000000002098e-01,2.746893692016601562e+01,4.155984878540039062e+00,nan,nan,8.757477793526845744e+00,5.606134010998259143e+00,3.151414592846578877e+00
4.478699999999999903e+01,7.356999999999999318e+00,2.956898498535156250e+01,4.729802131652832031e+00,nan,nan,6.538783106637197307e+00,4.176127030102263049e+00,2.392163713558859151e+00
2.154400000000000048e+01,3.514400000000000190e+00,2.736437225341796875e+01,4.128984451293945312e+00,nan,nan,5.387951288056569865e+00,3.563926710335265202e+00,1.824156840428060811e+00
4.976400000000001711e+00,1.158599999999996299e-01,2.540744972229003906e+01,3.642230272293090820e+00,nan,nan,7.538444552254873088e+00,4.740713907925139026e+00,2.858140547856039326e+00
2.245400000000000063e+01,3.205400000000000027e+00,2.498096656799316406e+01,3.739320278167724609e+00,nan,nan,5.311581525635915568e+00,3.488323821274291081e+00,1.823709805592245381e+00
5.121199999999999619e+01,8.611499999999999488e+00,3.123898506164550781e+01,5.411844730377197266e+00,nan,nan,7.242381129098134807e+00,4.676260306087980823e+00,2.656594474896139424e+00
4.715399999999999636e+01,7.569399999999999906e+00,2.833889961242675781e+01,4.437430381774902344e+00,nan,nan,7.165455374551015666e+00,4.555121137348661975e+00,2.639969905003256123e+00
2.262199999999999989e+01,3.540200000000000014e+00,2.541991615295410156e+01,3.735474109649658203e+00,nan,nan,5.293345961404043010e+00,3.490783406940947575e+00,1.802745838745779317e+00
2.486499999999999488e+00,-3.980399999999999494e-01,2.430491065979003906e+01,3.438432455062866211e+00,nan,nan,7.871099982094960978e+00,4.910136534420500354e+00,3.045956810101217549e+00
2.196900000000000119e+01,3.359900000000000109e+00,2.712661170959472656e+01,4.071125507354736328e+00,nan,nan,5.380690607857900432e+00,3.542992605415831608e+00,1.838403423412985127e+00
5.121999999999999886e+01,8.631399999999999295e+00,2.891485595703125000e+01,4.860366344451904297e+00,nan,nan,7.908254656624990275e+00,4.993326021877775744e+00,2.986365755184835713e+00
4.654699999999999704e+01,8.013500000000000512e+00,2.772271537780761719e+01,4.259775161743164062e+00,nan,nan,7.548128638100820353e+00,4.559599115101347522e+00,3.009700258358663838e+00
2.253599999999999781e+01,3.506999999999999673e+00,2.690309524536132812e+01,4.009933471679687500e+00,nan,nan,5.336162838769155314e+00,3.519845976082335515e+00,1.816676099880880635e+00
1.638600000000000279e+00,-5.020499999999996632e-01,2.737272071838378906e+01,4.119898319244384766e+00,nan,nan,9.151134524178701213e+00,5.518464638439665393e+00,3.649090250118917744e+00
2.020899999999999963e+01,3.282599999999999962e+00,2.739003562927246094e+01,4.132496833801269531e+00,nan,nan,5.473749432397085002e+00,3.619127525536070866e+00,1.855059106930441182e+00
5.073499999999999943e+01,8.901699999999999946e+00,2.874946594238281250e+01,4.722130298614501953e+00,nan,nan,8.177738699746328166e+00,4.952484204021940783e+00,3.276881654843038838e+00
4.794300000000000495e+01,8.052099999999999369e+00,2.749951553344726562e+01,4.169518470764160156e+00,nan,nan,7.862453970742421916e+00,4.759824825970182971e+00,3.106890638455099385e+00
2.227199999999999847e+01,3.514400000000000190e+00,2.732056236267089844e+01,4.116212844848632812e+00,nan,nan,5.362349185776906779e+00,3.538414015022765202e+00,1.824258704765981953e+00
1.395800000000001262e+00,-3.861899999999973687e-02,2.746881294250488281e+01,4.155760765075683594e+00,nan,nan,8.906172785592275432e+00,5.576469971386442737e+00,3.329901893719381611e+00
1.796300000000000097e+01,3.475699999999999790e+00,2.746888160705566406e+01,4.155883312225341797e+00,nan,nan,5.570249352288442424e+00,3.739500357357512517e+00,1.830755134209341328e+00
4.721500000000000341e+01,8.361100000000000421e+00,2.746926307678222656e+01,4.156367778778076172e+00,nan,nan,8.009887251687246135e+00,4.672981573788176135e+00,3.337239940746969502e+00
4.496899999999999409e+01,8.225899999999999324e+00,2.746892547607421875e+01,4.155941486358642578e+00,nan,nan,7.652153048348623088e+00,4.412314488140593127e+00,3.239970644100851338e+00
2.099800000000000111e+01,3.784699999999999953e+00,2.738186645507812500e+01,4.132570266723632812e+00,nan,nan,5.387764010262685588e+00,3.585524453369627995e+00,1.802393694504446309e+00
9.710000000000000853e-01,6.179100000000006254e-01,2.746891975402832031e+01,4.156080722808837891e+00,nan,nan,8.531806979012685588e+00,5.645970656124601916e+00,2.885880191906637471e+00
1.814600000000000080e+01,4.035700000000000287e+00,2.746898460388183594e+01,4.155965805053710938e+00,nan,nan,5.520257625413137248e+00,3.728767945019255681e+00,1.791492839440054219e+00
4.199600000000000222e+01,7.472800000000000331e+00,2.746900558471679688e+01,4.156035900115966797e+00,nan,nan,6.868695769143300822e+00,4.115581227985869006e+00,2.753159840687460225e+00
3.586599999999999966e+01,8.206599999999999895e+00,2.746952056884765625e+01,4.156505107879638672e+00,nan,nan,6.903232846093374064e+00,3.677672578541289372e+00,3.225575168713278096e+00
2.051199999999999690e+01,4.132299999999999862e+00,2.746895217895507812e+01,4.155933380126953125e+00,nan,nan,5.399003896546560100e+00,3.608724071232329411e+00,1.790283103569692891e+00
5.340499999999998693e+00,1.062000000000000277e+00,2.746898651123046875e+01,4.155963897705078125e+00,nan,nan,7.612062964272695353e+00,4.983934475628386096e+00,2.628165681942648213e+00
2.057300000000000040e+01,3.205400000000000027e+00,2.746898460388183594e+01,4.155967235565185547e+00,nan,nan,5.475412044358449748e+00,3.606092347351561589e+00,1.869325657471365254e+00
3.865800000000000125e+01,8.071400000000000574e+00,2.746898460388183594e+01,4.155969619750976562e+00,nan,nan,6.980222973656850627e+00,3.848063303677092595e+00,3.132181842907614033e+00
3.313499999999999801e+01,8.496199999999999974e+00,2.746922111511230469e+01,4.156304359436035156e+00,nan,nan,6.996454987359243205e+00,3.557986332623015446e+00,3.438473661526388447e+00
2.058199999999999719e+01,4.209500000000000242e+00,2.746897506713867188e+01,4.155951976776123047e+00,nan,nan,5.396180782151418498e+00,3.605705095974455876e+00,1.790478845223135274e+00
6.311499999999998778e+00,3.475700000000001566e-01,2.746898460388183594e+01,4.155966758728027344e+00,nan,nan,7.912721667123037150e+00,4.852948738781462268e+00,3.059822042568868916e+00
1.863100000000000023e+01,3.186100000000000154e+00,2.746898651123046875e+01,4.155968189239501953e+00,nan,nan,5.573887262177663615e+00,3.701317979542265935e+00,1.872575779541677754e+00
3.768699999999999761e+01,8.167999999999999261e+00,2.746899604797363281e+01,4.156012058258056641e+00,nan,nan,6.982413563561635783e+00,3.783282472340117497e+00,3.199160774334615986e+00
3.398499999999999943e+01,8.264499999999999957e+00,2.747074127197265625e+01,4.157090663909912109e+00,nan,nan,6.856367144417959025e+00,3.590352608410368962e+00,3.266024549587911885e+00
1.996599999999999753e+01,3.823300000000000143e+00,2.746890830993652344e+01,4.155903816223144531e+00,nan,nan,5.433254751992421916e+00,3.633327080456267399e+00,1.799931903465933125e+00
5.097699999999999676e+00,4.054999999999999716e-01,2.746898269653320312e+01,4.155961513519287109e+00,nan,nan,8.039045843911367228e+00,5.017607285229216174e+00,3.021488626583761494e+00
1.766000000000000014e+01,2.819199999999999484e+00,2.746898841857910156e+01,4.155974388122558594e+00,nan,nan,5.704423699212270549e+00,3.757748319355498356e+00,1.946683366879171651e+00
4.072099999999999653e+01,8.573499999999999233e+00,2.746911811828613281e+01,4.156260013580322266e+00,nan,nan,7.502868208718496135e+00,4.005191756931791858e+00,3.497802456005758565e+00
3.629099999999999682e+01,7.627299999999999969e+00,2.746898460388183594e+01,4.155974864959716797e+00,nan,nan,6.545327458214956096e+00,3.700468136517058415e+00,2.844873626812643330e+00
1.951900000000000190e+01,3.475699999999999790e+00,2.746472549438476562e+01,4.154211044311523438e+00,nan,nan,5.485482487511831096e+00,3.654689385143767399e+00,1.830850322827047627e+00
3.641200000000001324e+00,9.654800000000030025e-02,2.746895980834960938e+01,4.155925750732421875e+00,nan,nan,8.459896120858388713e+00,5.227308108059416369e+00,3.232646186932272236e+00
1.978400000000000247e+01,2.993000000000000327e+00,2.746899414062500000e+01,4.155984401702880859e+00,nan,nan,5.550618324113088420e+00,3.641953183857451481e+00,1.908672412022299092e+00
4.314899999999999380e+01,8.438299999999999912e+00,2.749003791809082031e+01,4.180955410003662109e+00,nan,nan,7.590715918374257853e+00,4.222014977184782580e+00,3.370823820217794697e+00
4.011400000000000432e+01,7.530800000000000161e+00,2.746910667419433594e+01,4.156111717224121094e+00,nan,nan,6.743006977868276408e+00,3.956204010693083806e+00,2.786927779301351826e+00
1.984499999999999886e+01,3.205400000000000027e+00,2.728562927246093750e+01,4.108258247375488281e+00,nan,nan,5.494618568253713420e+00,3.631457163540373845e+00,1.863966365441030781e+00
4.855000000000000426e+00,2.703299999999999592e-01,2.746726036071777344e+01,4.154776096343994141e+00,nan,nan,8.161112818551259807e+00,5.051339222637663440e+00,3.110407550915426533e+00
2.008800000000000097e+01,2.877099999999999991e+00,2.746948623657226562e+01,4.156373500823974609e+00,nan,nan,5.561211023163991740e+00,3.627698733059416814e+00,1.933530767544454854e+00
4.691100000000000136e+01,8.476900000000000546e+00,2.821931838989257812e+01,4.727137088775634766e+00,nan,nan,7.513086829018789103e+00,4.541878296581755237e+00,2.992894609554952901e+00
4.369500000000000028e+01,7.820399999999999352e+00,2.747060585021972656e+01,4.157338142395019531e+00,nan,nan,7.241259369683461955e+00,4.278225733486662463e+00,2.963779409512228291e+00
2.093699999999999761e+01,3.205400000000000027e+00,2.746608352661132812e+01,4.154094219207763672e+00,nan,nan,5.460317764115529826e+00,3.590789510456572575e+00,1.869602640255636494e+00
4.248100000000000875e+00,3.861900000000004773e-01,2.742554664611816406e+01,4.134393692016601562e+00,nan,nan,8.138708624673085978e+00,5.130907370296965198e+00,3.015200813397115986e+00
2.172599999999999909e+01,3.012300000000000200e+00,2.776465225219726562e+01,4.264561176300048828e+00,nan,nan,5.500997814965444377e+00,3.572568787781249089e+00,1.928847153767294209e+00
4.927799999999999869e+01,8.496199999999999974e+00,2.770480918884277344e+01,4.303431987762451172e+00,nan,nan,8.178548846078115275e+00,4.905384375301848010e+00,3.299806078060812276e+00
4.618299999999999983e+01,7.395599999999999952e+00,2.748058319091796875e+01,4.163414955139160156e+00,nan,nan,7.246919188332753947e+00,4.547692014423857287e+00,2.702532132252401631e+00
2.124099999999999966e+01,3.166799999999999837e+00,2.744704246520996094e+01,4.146104812622070312e+00,nan,nan,5.453030500245290568e+00,3.578079058376799626e+00,1.875129242523855488e+00
2.913000000000000256e+00,3.282600000000002183e-01,2.692431068420410156e+01,3.981914758682250977e+00,nan,nan,8.147156271767812541e+00,5.243329359737883166e+00,2.943524559124655049e+00
2.211100000000000065e+01,3.291300000000000114e+00,2.695350265502929688e+01,4.089143276214599609e+00,nan,nan,5.379938039612966350e+00,3.532939507214079899e+00,1.847168822869009297e+00
5.092399999999999949e+01,8.551199999999999690e+00,2.853119659423828125e+01,4.573706150054931641e+00,nan,nan,8.067017111611562541e+00,5.006219460217009143e+00,3.131315668209738057e+00
4.600800000000000267e+01,7.210000000000000853e+00,2.806371307373046875e+01,4.365984916687011719e+00,nan,nan,6.930126700234609416e+00,4.457692338673124866e+00,2.493848164662069600e+00
2.178199999999999648e+01,3.284600000000000186e+00,2.735383605957031250e+01,4.122621059417724609e+00,nan,nan,5.407975230050283244e+00,3.555219306198607487e+00,1.853016515358633320e+00
2.762499999999999289e+00,3.205499999999998906e-01,2.689072990417480469e+01,3.986413717269897461e+00,nan,nan,8.178889307809072307e+00,5.260905100552092151e+00,2.953860362156576436e+00
2.279500000000000171e+01,3.295599999999999863e+00,2.619601440429687500e+01,3.962013244628906250e+00,nan,nan,5.332025561166005900e+00,3.499379171577940983e+00,1.833016176804250996e+00
4.969399999999999551e+01,8.507600000000000051e+00,3.512444686889648438e+01,6.252502918243408203e+00,nan,nan,6.304774794411855510e+00,4.113720967022429065e+00,2.246647794827169697e+00
4.627899999999999636e+01,7.044900000000000162e+00,3.020849609375000000e+01,4.893708705902099609e+00,nan,nan,6.427662882638173869e+00,4.256218864170561389e+00,2.201577623470968526e+00
2.220199999999999818e+01,3.234500000000000153e+00,2.742707633972167969e+01,4.145535945892333984e+00,nan,nan,5.406275782418447307e+00,3.543167783466826481e+00,1.863181312664694111e+00
4.698399999999999466e+01,7.765900000000000247e+00,2.746977615356445312e+01,4.156638622283935547e+00,nan,nan,7.574129376244741252e+00,4.644632651058683948e+00,2.930020888432211201e+00
1.844599999999999795e+01,2.592900000000000205e+00,2.745657920837402344e+01,4.150257110595703125e+00,nan,nan,5.713831696343618205e+00,3.711023403851042790e+00,2.003267486675924580e+00
-5.089099999999998403e+00,7.907500000000000639e-01,2.746898460388183594e+01,4.155967235565185547e+00,nan,nan,9.542874369454580119e+00,6.761416508404265002e+00,2.781537135227865498e+00
2.186800000000000210e+01,5.020199999999999996e+00,2.746898460388183594e+01,4.155967235565185547e+00,nan,nan,5.411258134675222209e+00,3.555656565872679753e+00,1.855602582081503193e+00
4.962699999999999534e+01,8.251599999999999824e+00,2.746911621093750000e+01,4.156154155731201172e+00,nan,nan,8.245978388619619182e+00,4.987985207287321643e+00,3.258202989681906026e+00
3.730799999999999983e+01,7.031299999999999883e+00,2.746897888183593750e+01,4.155963420867919922e+00,nan,nan,6.273498568368154338e+00,3.759592844692717595e+00,2.513918479069418233e+00
1.891099999999999781e+01,2.921999999999999709e+00,2.746846580505371094e+01,4.155665874481201172e+00,nan,nan,5.609620842766958049e+00,3.686114384380827946e+00,1.923532267197317402e+00
-6.675600000000052603e-01,2.896399999999994535e-01,2.746898841857910156e+01,4.155972003936767578e+00,nan,nan,9.023715529275136760e+00,5.925080372540007190e+00,3.098716219052023213e+00
1.948099999999999810e+01,3.514400000000000190e+00,2.746898651123046875e+01,4.155966758728027344e+00,nan,nan,5.483005676102834514e+00,3.656745864597807927e+00,1.826265175923055928e+00
3.673599999999999710e+01,6.894899999999999807e+00,2.746898460388183594e+01,4.155970573425292969e+00,nan,nan,6.172405514550405314e+00,3.725533200947295231e+00,2.446884711369222920e+00
3.107199999999999918e+01,7.318399999999999572e+00,2.746910667419433594e+01,4.156258106231689453e+00,nan,nan,6.163759503197866252e+00,3.498383535591612858e+00,2.665379007443136494e+00
2.090800000000000125e+01,4.374699999999999811e+00,2.746898269653320312e+01,4.155962944030761719e+00,nan,nan,5.386453542542653850e+00,3.592042876926909489e+00,1.794413586243337910e+00
2.002700000000000813e+00,3.089499999999998359e-01,2.746898651123046875e+01,4.155969142913818359e+00,nan,nan,8.564647707772451213e+00,5.479019953457365588e+00,3.085695703610128682e+00
1.620400000000000063e+01,3.552999999999999936e+00,2.746898460388183594e+01,4.155967235565185547e+00,nan,nan,5.675420794320302775e+00,3.853370978085051579e+00,1.822054823025411885e+00
3.606000000000000227e+01,7.489700000000000024e+00,2.746898460388183594e+01,4.155967712402343750e+00,nan,nan,6.450961384606557658e+00,3.687910510746489567e+00,2.763063748463339131e+00
2.925099999999999767e+01,6.565299999999999692e+00,2.746898460388183594e+01,4.155964374542236328e+00,nan,nan,5.766138825249868205e+00,3.467788590637694401e+00,2.298352320774740498e+00
1.739999999999999858e+01,3.452799999999999869e+00,2.746898269653320312e+01,4.155962467193603516e+00,nan,nan,5.607357296776967814e+00,3.773852302280913396e+00,1.833510358914083760e+00
2.354600000000001359e+00,8.844500000000001805e-01,2.746898460388183594e+01,4.155967712402343750e+00,nan,nan,8.150602373910146525e+00,5.423550202099333362e+00,2.727103312596029561e+00
1.590400000000000169e+01,3.026499999999999968e+00,2.746898460388183594e+01,4.155967235565185547e+00,nan,nan,5.776608500313955119e+00,3.874715878216277165e+00,1.901900251492208760e+00
4.019400000000000261e+01,8.224299999999999500e+00,2.746898460388183594e+01,4.155967712402343750e+00,nan,nan,7.201548847985463908e+00,3.962538315502654118e+00,3.239038189037985127e+00
3.314199999999999591e+01,6.361000000000000654e+00,2.746898460388183594e+01,4.155964851379394531e+00,nan,nan,5.774018082452016642e+00,3.558192803112517399e+00,2.215831835850424092e+00
1.648199999999999932e+01,2.897200000000000220e+00,2.746898078918457031e+01,4.155957698822021484e+00,nan,nan,5.763014111352163127e+00,3.834091974941741032e+00,1.928929527386373799e+00
3.233599999999999142e+00,9.099900000000000766e-01,2.746898460388183594e+01,4.155967235565185547e+00,nan,nan,8.000848326516347697e+00,5.288363291470060901e+00,2.712532599552816670e+00
2.030700000000000216e+01,3.440799999999999859e+00,2.746898841857910156e+01,4.155973911285400391e+00,nan,nan,5.452783498597341350e+00,3.617750539032469792e+00,1.835038562401480000e+00
4.378300000000000125e+01,8.626200000000000756e+00,2.746899414062500000e+01,4.156010627746582031e+00,nan,nan,7.826633963418203166e+00,4.287339760509977893e+00,3.539359768017477315e+00
3.808200000000000074e+01,6.531699999999999839e+00,2.746898269653320312e+01,4.155967235565185547e+00,nan,nan,6.093191656899648478e+00,3.808926536289702458e+00,2.284277399166769307e+00
1.541000000000000014e+01,2.655400000000000205e+00,2.746876525878906250e+01,4.155794620513916016e+00,nan,nan,5.898384365868764689e+00,3.911069943157683415e+00,1.987338860615438740e+00
2.945899999999998187e+00,7.953399999999999359e-01,2.746897888183593750e+01,4.155950546264648438e+00,nan,nan,8.110856089425283244e+00,5.332079722134123401e+00,2.778822501286215108e+00
2.383099999999999952e+01,3.661000000000000032e+00,2.746903991699218750e+01,4.156036376953125000e+00,nan,nan,5.311185870003896525e+00,3.499244524685393376e+00,1.811947484596914570e+00
4.775899999999999324e+01,8.822599999999999554e+00,2.749070930480957031e+01,4.181113243103027344e+00,nan,nan,8.403618368935781291e+00,4.737955404964933948e+00,3.668714244946188252e+00
3.920599999999999596e+01,7.181000000000000938e+00,2.746905708312988281e+01,4.156086444854736328e+00,nan,nan,6.478311095071035197e+00,3.887212826458464665e+00,2.591138561352438252e+00
1.800400000000000134e+01,2.882400000000000073e+00,2.746737861633300781e+01,4.154908180236816406e+00,nan,nan,5.669222626519399455e+00,3.737003399578581853e+00,1.932324548348135274e+00
5.406099999999998573e+00,5.182799999999998519e-01,2.746631240844726562e+01,4.154087066650390625e+00,nan,nan,7.920074972939687541e+00,4.974454476086149768e+00,2.946535904987997334e+00
2.444800000000000040e+01,3.722500000000000142e+00,2.751021003723144531e+01,4.177615642547607422e+00,nan,nan,5.296880636048513225e+00,3.487318469730864567e+00,1.809626718147939961e+00
4.968100000000000449e+01,8.978199999999999292e+00,2.763167572021484375e+01,4.260989665985107422e+00,nan,nan,8.664309534859853557e+00,4.971066071239958362e+00,3.712200601681417744e+00
4.337100000000000222e+01,7.478900000000000325e+00,2.748083114624023438e+01,4.163261890411376953e+00,nan,nan,6.992321047616201213e+00,4.244670464245329455e+00,2.750346382244772236e+00
1.838799999999999812e+01,2.741999999999999993e+00,2.746000862121582031e+01,4.150661945343017578e+00,nan,nan,5.678855213952260783e+00,3.714442683903227849e+00,1.964702327831930440e+00
4.126699999999999591e+00,6.179100000000006254e-01,2.734695434570312500e+01,4.104298114776611328e+00,nan,nan,7.959132227730947307e+00,5.134232832638273791e+00,2.844965894802755635e+00
2.524599999999999866e+01,4.035700000000000287e+00,2.777740859985351562e+01,4.288560867309570312e+00,nan,nan,5.277724418473439982e+00,3.479125036446105046e+00,1.798691948040670674e+00
5.067399999999999949e+01,9.133499999999999730e+00,2.976060295104980469e+01,4.971677780151367188e+00,nan,nan,7.962406191659169963e+00,4.802641703335295276e+00,3.246132810696310322e+00
4.396199999999999619e+01,7.163899999999999935e+00,3.276743698120117188e+01,5.605795860290527344e+00,nan,nan,5.860415015053945353e+00,3.856588794437895817e+00,2.030300577267355244e+00
1.832799999999999940e+01,2.915799999999999947e+00,2.702201271057128906e+01,4.045398235321044922e+00,nan,nan,5.598128590417104533e+00,3.694785310474883122e+00,1.904666979893392842e+00
5.001300000000000523e+00,5.503799999999996473e-01,2.652337455749511719e+01,3.881691455841064453e+00,nan,nan,7.594245943856435588e+00,4.889001442638884143e+00,2.748653610333151143e+00
2.500300000000000011e+01,4.151600000000000179e+00,2.679116249084472656e+01,4.068594932556152344e+00,nan,nan,5.263478073907094767e+00,3.470896138397704167e+00,1.792572219952291768e+00
4.933899999999999864e+01,9.114200000000000301e+00,3.643450927734375000e+01,6.605455875396728516e+00,nan,nan,6.261524233651357463e+00,3.980358673779021306e+00,2.342611988171285908e+00
4.193500000000000227e+01,6.797000000000000597e+00,3.659017562866210938e+01,6.269000530242919922e+00,nan,nan,5.434401306939321330e+00,3.579640282837401433e+00,1.860092778786367695e+00
1.851000000000000156e+01,2.993000000000000327e+00,2.746276855468750000e+01,4.153728485107421875e+00,nan,nan,5.615916523766713908e+00,3.707702471462737126e+00,1.908262868508047383e+00
5.037400000000001654e+00,1.002399999999999736e+00,2.746316146850585938e+01,4.152127265930175781e+00,nan,nan,7.680256876778798869e+00,5.024950577465544299e+00,2.657473762615865986e+00
2.469999999999999929e+01,4.016399999999999970e+00,2.746409606933593750e+01,4.155008792877197266e+00,nan,nan,5.273655328583913615e+00,3.481730176655303044e+00,1.791929741486257832e+00
4.782199999999999562e+01,9.017599999999999838e+00,2.766052436828613281e+01,4.241109371185302734e+00,nan,nan,8.461952719521718791e+00,4.722245766369352893e+00,3.762700279339498799e+00
3.913499999999999801e+01,6.899499999999999744e+00,2.753218078613281250e+01,4.183088302612304688e+00,nan,nan,6.310038838219838908e+00,3.877600504604826970e+00,2.435314376934713643e+00
1.911700000000000088e+01,3.475699999999999790e+00,2.746899795532226562e+01,4.155966281890869141e+00,nan,nan,5.506012711358266642e+00,3.675282193867217106e+00,1.830735941513723652e+00
4.672900000000002052e+00,9.075499999999996348e-01,2.746814918518066406e+01,4.155137062072753906e+00,nan,nan,7.789647612405019572e+00,5.077248884884367541e+00,2.712947924717611592e+00
2.483399999999999963e+01,3.842600000000000016e+00,2.746603393554687500e+01,4.155233860015869141e+00,nan,nan,5.278290066552358439e+00,3.479495121685515446e+00,1.798800011261648457e+00
4.818600000000000705e+01,8.940400000000000347e+00,2.767472457885742188e+01,4.248096466064453125e+00,nan,nan,8.433557543587880900e+00,4.766246153561125354e+00,3.692067821606344502e+00
4.053300000000000125e+01,6.902700000000000280e+00,2.783137893676757812e+01,4.273929595947265625e+00,nan,nan,6.346784624886709025e+00,3.960873676983367009e+00,2.394086082562155049e+00
1.923799999999999955e+01,3.224699999999999900e+00,2.746661376953125000e+01,4.154867172241210938e+00,nan,nan,5.534949216675954631e+00,3.668916775433074040e+00,1.866057892426199238e+00
5.643899999999998585e+00,3.861900000000004773e-01,2.745696449279785156e+01,4.148747920989990234e+00,nan,nan,7.962505850625234416e+00,4.940320803371916369e+00,3.026102264507955830e+00
2.397199999999999775e+01,3.668800000000000061e+00,2.736904907226562500e+01,4.128665447235107422e+00,nan,nan,5.304357561898427775e+00,3.494471861568938298e+00,1.809969027622885029e+00
5.085600000000000165e+01,8.901699999999999946e+00,2.935471916198730469e+01,4.792203903198242188e+00,nan,nan,8.021089587044912150e+00,4.880645348278532580e+00,3.219472129925436299e+00
4.411999999999999744e+01,7.627299999999999969e+00,2.861711883544921875e+01,4.501255035400390625e+00,nan,nan,6.813425097298818400e+00,4.204253627506743030e+00,2.636305292233175557e+00
1.899500000000000099e+01,3.186100000000000154e+00,2.512408447265625000e+01,3.635669946670532227e+00,nan,nan,5.401683959794240764e+00,3.583243800846587224e+00,1.819520910366720479e+00
3.509899999999998244e+00,-1.481199999999995853e-01,2.637787437438964844e+01,3.854625225067138672e+00,nan,nan,8.184500727486806682e+00,5.071735932079802112e+00,3.168002327068990986e+00
2.340599999999999881e+01,3.774500000000000188e+00,2.742774581909179688e+01,4.141842842102050781e+00,nan,nan,5.312379393410878947e+00,3.508767856804381413e+00,1.803704877480215352e+00
5.359000000000000341e+01,9.222599999999999909e+00,3.312378692626953125e+01,6.337708473205566406e+00,nan,nan,7.139656576943593791e+00,4.723814799038420276e+00,2.501049717053121846e+00
4.563600000000000279e+01,7.619699999999999918e+00,2.747618675231933594e+01,4.160988330841064453e+00,nan,nan,7.319073471856313517e+00,4.485507322994719104e+00,2.835586984738058369e+00
1.906500000000000128e+01,2.613399999999999945e+00,2.579179763793945312e+01,3.727830886840820312e+00,nan,nan,5.510170612168508342e+00,3.604787482468138737e+00,1.908422251328176777e+00
3.768599999999999284e+00,6.277900000000000702e-01,2.704501152038574219e+01,4.021847248077392578e+00,nan,nan,7.899745974374013713e+00,5.138196541515837268e+00,2.789707501515096943e+00
2.444999999999999929e+01,4.244299999999999962e+00,2.731233406066894531e+01,4.128542423248291016e+00,nan,nan,5.276349100899892619e+00,3.484250797478209538e+00,1.792086382492727559e+00
4.998699999999999477e+01,8.740399999999999281e+00,3.777130126953125000e+01,6.691564083099365234e+00,nan,nan,6.064463648629384807e+00,3.930952026096831364e+00,2.177447517498678486e+00
4.373499999999999943e+01,6.894199999999999662e+00,3.729700851440429688e+01,6.360885620117187500e+00,nan,nan,5.474108252358632853e+00,3.619257046429167790e+00,1.861058254822439473e+00
1.928999999999999915e+01,2.980300000000000171e+00,2.740744972229003906e+01,4.137137889862060547e+00,nan,nan,5.571227941346364787e+00,3.663476301876555485e+00,1.908050437554067891e+00
3.917200000000001125e+00,6.319900000000000517e-01,2.733683967590332031e+01,4.106235504150390625e+00,nan,nan,7.990129980874257853e+00,5.163842512814055041e+00,2.840958793743795674e+00
2.441600000000000037e+01,3.686199999999999921e+00,2.725196456909179688e+01,4.120303630828857422e+00,nan,nan,5.291498813462453654e+00,3.484021081177245183e+00,1.807529349907583516e+00
4.933899999999999864e+01,8.557299999999999685e+00,3.841217803955078125e+01,6.898395538330078125e+00,nan,nan,5.877704891991811564e+00,3.845735146252165837e+00,2.065953691586202901e+00
4.407699999999999818e+01,7.100999999999999979e+00,3.159107398986816406e+01,5.164729595184326172e+00,nan,nan,6.051812920403676799e+00,3.946514918056975407e+00,2.129906972035116475e+00
1.869400000000000261e+01,2.978699999999999903e+00,2.741145515441894531e+01,4.138590812683105469e+00,nan,nan,5.603234324288564494e+00,3.694921805111418767e+00,1.908612688168234151e+00
6.462599999999998346e+00,3.602899999999995551e-01,2.705518150329589844e+01,4.022444725036621094e+00,nan,nan,7.699144873452382853e+00,4.774017883984098987e+00,2.951959212406820576e+00
2.420199999999999818e+01,3.511600000000000055e+00,2.646877670288085938e+01,4.007578849792480469e+00,nan,nan,5.292969856095510295e+00,3.478301717487822575e+00,1.814801295384115498e+00
5.077399999999999380e+01,8.621499999999999275e+00,4.238204574584960938e+01,7.832477569580078125e+00,nan,nan,5.607471499276357463e+00,3.712625457493315739e+00,1.910466154202169697e+00
4.427300000000000324e+01,7.253400000000000070e+00,3.006332969665527344e+01,4.831642627716064453e+00,nan,nan,6.362519059014516642e+00,4.085362984386931018e+00,2.304949720486349385e+00
1.914700000000000202e+01,2.919299999999999784e+00,2.680942535400390625e+01,3.988095045089721680e+00,nan,nan,5.535947832894521525e+00,3.643092228619109196e+00,1.894416113480276387e+00
4.294200000000000017e+00,3.957299999999985829e-02,2.455933761596679688e+01,3.458100318908691406e+00,nan,nan,7.435049805474477580e+00,4.714618040768156604e+00,2.791326244457907002e+00
2.462699999999999889e+01,3.501000000000000334e+00,2.611230087280273438e+01,3.923002719879150391e+00,nan,nan,5.281804237199025920e+00,3.470975352970610661e+00,1.810978313072866719e+00
5.259399999999999409e+01,8.855600000000000804e+00,2.888245964050292969e+01,4.748518943786621094e+00,nan,nan,8.286008868050771525e+00,5.188167645184050158e+00,3.198817689999288838e+00
4.600100000000000477e+01,7.202499999999999680e+00,2.752472114562988281e+01,4.182201385498046875e+00,nan,nan,7.101901087594228557e+00,4.521065069881926135e+00,2.586583812817282002e+00
2.045200000000000173e+01,2.993000000000000327e+00,2.444817543029785156e+01,3.490552425384521484e+00,nan,nan,5.344962510895925334e+00,3.519620014873992009e+00,1.826350529774374287e+00
2.063400000000001455e+00,-3.861899999999973687e-02,2.710216140747070312e+01,4.047000885009765625e+00,nan,nan,8.612325701546865275e+00,5.403221918789396838e+00,3.238426168545431416e+00
2.391099999999999781e+01,3.784699999999999953e+00,2.743344688415527344e+01,4.145650863647460938e+00,nan,nan,5.299524936509328654e+00,3.496958030907164616e+00,1.802624304875082295e+00
5.322299999999999898e+01,9.017599999999999838e+00,2.910742568969726562e+01,4.892261505126953125e+00,nan,nan,8.406734022927480510e+00,5.250169350353727893e+00,3.227611501797384541e+00
4.533399999999999608e+01,7.607999999999999652e+00,2.747992706298828125e+01,4.162755012512207031e+00,nan,nan,7.275923046899038127e+00,4.451149656025419787e+00,2.827253420933431904e+00
1.844900000000000162e+01,2.664699999999999847e+00,2.734806823730468750e+01,4.112227439880371094e+00,nan,nan,5.679455551934438517e+00,3.705141736713896794e+00,1.975425322636312764e+00
1.395800000000001262e+00,-1.737900000000003331e-01,2.746851348876953125e+01,4.155574798583984375e+00,nan,nan,9.006341490578847697e+00,5.576398922649870471e+00,3.430380781277365010e+00
2.099800000000000111e+01,3.630199999999999871e+00,2.746815109252929688e+01,4.155515670776367188e+00,nan,nan,5.402868661713796428e+00,3.588363780228148503e+00,1.814518471344656270e+00
5.237300000000000466e+01,9.094799999999999329e+00,2.753591918945312500e+01,4.197455883026123047e+00,nan,nan,9.243940386605459025e+00,5.379000498501310901e+00,3.876152237042135518e+00
4.648699999999999477e+01,7.569399999999999906e+00,2.746917533874511719e+01,4.156168460845947266e+00,nan,nan,7.394791636300283244e+00,4.585047556606779651e+00,2.809897382839865010e+00
1.802400000000000091e+01,2.452300000000000146e+00,2.739116477966308594e+01,4.132980823516845703e+00,nan,nan,5.769022974801259807e+00,3.731713844982634587e+00,2.038456161602682393e+00
3.034399999999983777e-01,4.827399999999997249e-01,2.746898269653320312e+01,4.155956745147705078e+00,nan,nan,8.728967699837880900e+00,5.757739378658781604e+00,2.971293171032614033e+00
1.990500000000000114e+01,3.784699999999999953e+00,2.746897888183593750e+01,4.155956745147705078e+00,nan,nan,5.438484463525014689e+00,3.636194898334990544e+00,1.802293856724447529e+00
4.770000000000000284e+01,8.206599999999999895e+00,2.746900177001953125e+01,4.156019210815429688e+00,nan,nan,7.959750685525136760e+00,4.733447386471281604e+00,3.226387937649435322e+00
4.066100000000000136e+01,7.125299999999999301e+00,2.746895980834960938e+01,4.155977249145507812e+00,nan,nan,6.562219652962880900e+00,4.000259353367338733e+00,2.561979373081869404e+00
1.814999999999999858e+01,3.296699999999999964e+00,2.746621513366699219e+01,4.154737949371337891e+00,nan,nan,5.583256754708486369e+00,3.728396965710173649e+00,1.854923208340353291e+00
1.213699999999999335e+00,4.634299999999997866e-01,2.746878814697265625e+01,4.155981063842773438e+00,nan,nan,8.589499506783681682e+00,5.606015516964445666e+00,2.983557661160177510e+00
1.468599999999999994e+01,3.147499999999999964e+00,2.746898460388183594e+01,4.155967235565185547e+00,nan,nan,5.846385750603872111e+00,3.967138005939971013e+00,1.879254897221273701e+00
3.914300000000000068e+01,8.129400000000000404e+00,2.746898651123046875e+01,4.155981540679931641e+00,nan,nan,7.054816517663198283e+00,3.882620765415679021e+00,3.172222812756246846e+00
3.064699999999999847e+01,7.337699999999999889e+00,2.746921730041503906e+01,4.156383991241455078e+00,nan,nan,6.165409121346669963e+00,3.489416612831603093e+00,2.675995071514791768e+00
1.881299999999999883e+01,4.151600000000000179e+00,2.746898269653320312e+01,4.155962467193603516e+00,nan,nan,5.481620106530385783e+00,3.691394998280058903e+00,1.790228028877920430e+00
7.464600000000000790e+00,6.951499999999999346e-01,2.746898460388183594e+01,4.155967235565185547e+00,nan,nan,7.543648276162343791e+00,4.705029560772429065e+00,2.838658412083334248e+00
1.523299999999999876e+01,3.340599999999999792e+00,2.746898460388183594e+01,4.155967712402343750e+00,nan,nan,5.772909436059194377e+00,3.924487544743071599e+00,1.848427851780599873e+00
3.665500000000000114e+01,8.496199999999999974e+00,2.746898460388183594e+01,4.155971527099609375e+00,nan,nan,7.160020623040395549e+00,3.720874859539519353e+00,3.439163644894308369e+00
2.992699999999999960e+01,7.762500000000000178e+00,2.746937942504882812e+01,4.156560420989990234e+00,nan,nan,6.404910359215932658e+00,3.476790620533476872e+00,2.928119261845297139e+00
1.753900000000000148e+01,4.750200000000000422e+00,2.746898269653320312e+01,4.155963420867919922e+00,nan,nan,5.586323294472890666e+00,3.765188886372099919e+00,1.821133990868276875e+00
5.886700000000001154e+00,2.896399999999994535e-01,2.746898460388183594e+01,4.155967235565185547e+00,nan,nan,8.008217844796376994e+00,4.909530712811003283e+00,3.098739107235616963e+00
1.948099999999999810e+01,2.490899999999999892e+00,2.746898460388183594e+01,4.155967712402343750e+00,nan,nan,5.689659390282827189e+00,3.656745626179228825e+00,2.032921631916708272e+00
3.714099999999999824e+01,8.650700000000000500e+00,2.746898651123046875e+01,4.155978679656982422e+00,nan,nan,7.308055910897451213e+00,3.749437762943755192e+00,3.558640201672262471e+00
3.301400000000000290e+01,7.762500000000000178e+00,2.747028732299804688e+01,4.157114982604980469e+00,nan,nan,6.481376442742543986e+00,3.553832961765776677e+00,2.927552183254904072e+00
1.875199999999999889e+01,3.630199999999999871e+00,2.746892356872558594e+01,4.155911445617675781e+00,nan,nan,5.509127292466359904e+00,3.694694234577666325e+00,1.814437587841696065e+00
6.008099999999998886e+00,5.406699999999999839e-01,2.746898460388183594e+01,4.155966281890869141e+00,nan,nan,7.827541384530263713e+00,4.893245770184050158e+00,2.934342105969137471e+00
2.130099999999999838e+01,2.935099999999999820e+00,2.746898841857910156e+01,4.155973434448242188e+00,nan,nan,5.497173104119497111e+00,3.576455129829894108e+00,1.920724232777303975e+00
4.205600000000000449e+01,8.727999999999999758e+00,2.746914863586425781e+01,4.156319618225097656e+00,nan,nan,7.740028891396718791e+00,4.121011568752775744e+00,3.619184692486471455e+00
3.784300000000000352e+01,7.607999999999999652e+00,2.746883773803710938e+01,4.155824184417724609e+00,nan,nan,6.626564059090810588e+00,3.793313099590788884e+00,2.833282669171041768e+00
1.596099999999999852e+01,3.089500000000000135e+00,2.740682601928710938e+01,4.137484073638916016e+00,nan,nan,5.753205094170766642e+00,3.866315438000212712e+00,1.887622256859487813e+00
3.762599999999999056e+00,5.406699999999999839e-01,2.746895599365234375e+01,4.155920982360839844e+00,nan,nan,8.143569979500966838e+00,5.209323717800627307e+00,2.934294899090475361e+00
2.203400000000000247e+01,3.340599999999999792e+00,2.746910476684570312e+01,4.156106472015380859e+00,nan,nan,5.398446235490041545e+00,3.549954785553465886e+00,1.848501403912252705e+00
4.685100000000000620e+01,9.017599999999999838e+00,2.752120590209960938e+01,4.209934234619140625e+00,nan,nan,8.413118872475820353e+00,4.621965362278471545e+00,3.797546823605245869e+00
4.090299999999999869e+01,7.241100000000000314e+00,2.747009849548339844e+01,4.156908988952636719e+00,nan,nan,6.642419133019643596e+00,4.020243360249052600e+00,2.622539003475851338e+00
1.814600000000000080e+01,2.993000000000000327e+00,2.746830368041992188e+01,4.155435085296630859e+00,nan,nan,5.637431893181997111e+00,3.728735162464629216e+00,1.908744354828542988e+00
5.319900000000000517e+00,7.420999999999997598e-01,2.742869377136230469e+01,4.136667251586914062e+00,nan,nan,7.771912131142812541e+00,4.980425669399748401e+00,2.796428402050680440e+00
2.409300000000000352e+01,3.649500000000000188e+00,2.776460838317871094e+01,4.264645576477050781e+00,nan,nan,5.326345953774648478e+00,3.500978066174040837e+00,1.825590689762777608e+00
5.018899999999999295e+01,8.998300000000000409e+00,2.842066764831542969e+01,4.576025962829589844e+00,nan,nan,8.330658469033437541e+00,4.925779177395353869e+00,3.456281383618063252e+00
4.399800000000000466e+01,7.279700000000000060e+00,2.749105072021484375e+01,4.169083595275878906e+00,nan,nan,6.937390360665517619e+00,4.306808068005095080e+00,2.634699543102926533e+00
1.815299999999999869e+01,2.856899999999999995e+00,2.739242744445800781e+01,4.123554229736328125e+00,nan,nan,5.656171355080800822e+00,3.724257303921233220e+00,1.932891388519949238e+00
3.580600000000000449e+00,5.406699999999999839e-01,2.518541145324707031e+01,3.520957469940185547e+00,nan,nan,7.363125834298330119e+00,4.885125471798430041e+00,2.554038603886312764e+00
2.476000000000000156e+01,3.707500000000000018e+00,2.706835556030273438e+01,4.149055480957031250e+00,nan,nan,5.285297903847890666e+00,3.476646556107054753e+00,1.808652301415151875e+00
5.194800000000000040e+01,8.863099999999999312e+00,2.940461921691894531e+01,4.905648708343505859e+00,nan,nan,8.018025431466298869e+00,5.018742157665739612e+00,3.099655111416525166e+00
2.421400000000000219e+01,3.881200000000000205e+00,2.735619163513183594e+01,4.143163204193115234e+00,nan,nan,5.285679135155874064e+00,3.489146723000060124e+00,1.796537001713461201e+00
5.643899999999998585e+00,1.544800000000003948e-01,2.380448913574218750e+01,3.250117301940917969e+00,nan,nan,7.007584128213125041e+00,4.467117621151457385e+00,2.611877878292745869e+00
2.099800000000000111e+01,3.070199999999999818e+00,1.497420883178710938e+01,2.426877975463867188e+00,nan,nan,5.456024560761647990e+00,3.606040312496672673e+00,1.855169911965078633e+00
4.917600000000000193e+01,8.673600000000000421e+00,5.823246765136718750e+01,1.170437622070312500e+01,nan,nan,6.210789475274282267e+00,3.757079674450408024e+00,2.538288076504415791e+00
4.660800000000000409e+01,7.588699999999999335e+00,6.245916748046875000e+01,1.128774356842041016e+01,nan,nan,6.885167155099111369e+00,4.187405063358793811e+00,2.857400615795797627e+00
2.313899999999999935e+01,3.797699999999999854e+00,2.538133811950683594e+01,3.818442106246948242e+00,nan,nan,5.279453310799794963e+00,3.482208027092467351e+00,1.797247608288473408e+00
3.520900000000001029e+00,-2.544300000000001560e-01,4.895296692848205566e-01,-8.771058917045593262e-01,nan,nan,5.467566881013112834e+00,3.574674321857939763e+00,1.904824276550955098e+00
2.002700000000000102e+01,3.128200000000000092e+00,2.120551109313964844e+01,3.014453411102294922e+00,nan,nan,5.302750978303151896e+00,3.488592876640807194e+00,1.814616401776022236e+00
4.957699999999999818e+01,8.734600000000000364e+00,3.031274795532226562e+01,5.259712696075439453e+00,nan,nan,7.286551031899648478e+00,4.595320297924528674e+00,2.793982704266256611e+00
4.788199999999999790e+01,7.974899999999999878e+00,3.124743843078613281e+01,5.297295093536376953e+00,nan,nan,6.652950796914296916e+00,4.308144165722380237e+00,2.411313613041586201e+00
2.287599999999999767e+01,3.803999999999999826e+00,2.410278320312500000e+01,3.548201084136962891e+00,nan,nan,5.284190211129384807e+00,3.476424230782042546e+00,1.807798822506613057e+00
2.791599999999998971e+00,-5.406699999999995399e-01,1.677654266357421875e+01,1.862967371940612793e+00,nan,nan,6.294490847420888713e+00,4.063677980152617053e+00,2.302319129093832295e+00
1.905599999999999739e+01,2.819199999999999484e+00,2.505104446411132812e+01,3.641517400741577148e+00,nan,nan,5.441227350068288615e+00,3.580925657001982731e+00,1.864085038288778584e+00
4.988499999999999801e+01,8.689299999999999358e+00,2.900213623046875000e+01,4.896307468414306641e+00,nan,nan,7.743124518227773478e+00,4.804695917812834338e+00,3.002247293575948994e+00
4.933899999999999864e+01,8.303100000000000591e+00,2.752083015441894531e+01,4.183872222900390625e+00,nan,nan,8.193733725381093791e+00,4.940065695492277698e+00,3.265216310604757588e+00
2.427499999999999858e+01,3.803999999999999826e+00,2.731316566467285156e+01,4.108764171600341797e+00,nan,nan,5.287922653985219767e+00,3.487537278381835026e+00,1.800460119827932637e+00
2.973700000000000898e+00,-4.634299999999997866e-01,2.739327430725097656e+01,4.124145030975341797e+00,nan,nan,8.917392763924794963e+00,5.313672615734587268e+00,3.619770248516744893e+00
1.772100000000000009e+01,3.031600000000000072e+00,2.746873474121093750e+01,4.155782699584960938e+00,nan,nan,5.654915366006093791e+00,3.754013492313872380e+00,1.900918562992758076e+00
4.915699999999999648e+01,8.573499999999999233e+00,2.856085968017578125e+01,4.634531497955322266e+00,nan,nan,7.850849661660390666e+00,4.771823002544890002e+00,3.118318756207174580e+00
5.158399999999999608e+01,8.380399999999999849e+00,2.747337150573730469e+01,4.159019470214843750e+00,nan,nan,8.614732775521474650e+00,5.269316031185637073e+00,3.347755153759664815e+00
2.427499999999999858e+01,3.514400000000000190e+00,2.745030784606933594e+01,4.149246692657470703e+00,nan,nan,5.315823111367421916e+00,3.489540590492735905e+00,1.826346059426016133e+00
-6.675600000000052603e-01,-1.737900000000003331e-01,2.746898269653320312e+01,4.155958652496337891e+00,nan,nan,9.356200728249746135e+00,5.925086333004484729e+00,3.431205947979635518e+00
1.753900000000000148e+01,3.939200000000000035e+00,2.746898460388183594e+01,4.155967235565185547e+00,nan,nan,5.559525880646901896e+00,3.765189005581389470e+00,1.794340272530264180e+00
4.320899999999999608e+01,6.951500000000000234e+00,2.746898841857910156e+01,4.155983924865722656e+00,nan,nan,6.704271588158803752e+00,4.230000569073210315e+00,2.474297602757162373e+00
4.254200000000000159e+01,8.380399999999999849e+00,2.746898841857910156e+01,4.155989170074462891e+00,nan,nan,7.518220457864003947e+00,4.165949775425444201e+00,3.352316816433615010e+00
2.403199999999999648e+01,4.383300000000000196e+00,2.746892356872558594e+01,4.155913352966308594e+00,nan,nan,5.289466295075612834e+00,3.494702352730284733e+00,1.794767578228658955e+00
-1.942000000000003723e+00,7.530799999999997496e-01,2.746898078918457031e+01,4.155974388122558594e+00,nan,nan,8.957379851174550822e+00,6.153625799862394885e+00,2.803825219258016865e+00
1.680999999999999872e+01,3.263300000000000090e+00,2.746899032592773438e+01,4.155967712402343750e+00,nan,nan,5.671960148644643596e+00,3.811966492382536931e+00,1.860000033959097188e+00
3.331700000000000017e+01,6.237000000000000099e+00,2.746898460388183594e+01,4.155971527099609375e+00,nan,nan,5.733776125741201213e+00,3.564476265160094304e+00,2.169306834324545186e+00
3.173999999999999844e+01,8.419000000000000483e+00,2.746896553039550781e+01,4.155993461608886719e+00,nan,nan,6.895640168023305705e+00,3.514751030651579899e+00,3.380889852627462666e+00
2.203000000000000114e+01,5.387400000000000411e+00,2.746898269653320312e+01,4.155963420867919922e+00,nan,nan,5.473046216798024943e+00,3.550082756725798649e+00,1.922963281258291524e+00
2.730900000000001882e+00,9.461699999999999555e-01,2.746898460388183594e+01,4.155972957611083984e+00,nan,nan,8.057096991372304728e+00,5.365077091900358752e+00,2.692069728954977315e+00
1.450400000000000134e+01,2.452300000000000146e+00,2.746898460388183594e+01,4.155967235565185547e+00,nan,nan,6.026034626794057658e+00,3.981742216793547673e+00,2.044303496464437764e+00
3.222500000000000142e+01,6.719800000000000217e+00,2.746898460388183594e+01,4.155969619750976562e+00,nan,nan,5.893989834618764689e+00,3.528387858120451970e+00,2.365607817753500264e+00
3.095100000000000051e+01,7.974899999999999878e+00,2.746991920471191406e+01,4.157108783721923828e+00,nan,nan,6.561333927941518596e+00,3.495788945404540105e+00,3.065546949490255635e+00
2.039099999999999824e+01,4.441200000000000259e+00,2.746898078918457031e+01,4.155959129333496094e+00,nan,nan,5.411363158059316447e+00,3.614018155781279606e+00,1.797347505673116963e+00
3.034400000000001540e+00,2.896399999999994535e-01,2.746898651123046875e+01,4.155967235565185547e+00,nan,nan,8.417252096963125041e+00,5.318577601162443713e+00,3.098737438305563252e+00
1.335099999999999731e+01,2.490899999999999892e+00,2.746898460388183594e+01,4.155967235565185547e+00,nan,nan,6.111969027352529338e+00,4.079059793201933459e+00,2.032920797451681416e+00
3.811199999999999477e+01,7.743199999999999861e+00,2.746898460388183594e+01,4.155970573425292969e+00,nan,nan,6.727533135247426799e+00,3.810913755146513981e+00,2.916638334377950947e+00
3.489500000000000313e+01,6.874200000000000088e+00,2.746898078918457031e+01,4.156039714813232422e+00,nan,nan,6.066698345971303752e+00,3.629765941349516911e+00,2.436940510853475850e+00
2.002700000000000102e+01,3.610899999999999999e+00,2.746897315979003906e+01,4.155949115753173828e+00,nan,nan,5.446720394921499064e+00,3.630489064899931950e+00,1.816235859974569600e+00
3.337800000000001432e+00,3.861899999999973687e-02,2.746898460388183594e+01,4.155966281890869141e+00,nan,nan,8.546748671364980510e+00,5.272656990734587268e+00,3.274159153088278096e+00
1.614300000000000068e+01,2.761299999999999866e+00,2.746898651123046875e+01,4.155970096588134766e+00,nan,nan,5.818168434930043986e+00,3.857666207996855778e+00,1.960510929211324971e+00
4.211699999999999733e+01,8.071400000000000574e+00,2.746903228759765625e+01,4.156087398529052734e+00,nan,nan,7.258510861230092814e+00,4.126580311504850940e+00,3.132003744229025166e+00
4.084300000000000352e+01,7.627299999999999969e+00,2.746898269653320312e+01,4.155971050262451172e+00,nan,nan,6.860325846505361369e+00,4.015326334682951526e+00,2.845024545773214619e+00
1.887400000000000233e+01,3.359900000000000109e+00,2.746885108947753906e+01,4.155858039855957031e+00,nan,nan,5.533828768563466838e+00,3.688108636585722966e+00,1.845727761372274678e+00
4.187400000000000233e+00,3.861900000000004773e-01,2.746896743774414062e+01,4.155934333801269531e+00,nan,nan,8.181240591836171916e+00,5.147119118420134143e+00,3.034170826061910908e+00
2.008800000000000097e+01,2.780600000000000183e+00,2.746900749206542969e+01,4.156001091003417969e+00,nan,nan,5.583527359795766642e+00,3.627677990643034978e+00,1.955858309849447529e+00
4.703300000000000125e+01,8.225899999999999324e+00,2.752325248718261719e+01,4.210687160491943359e+00,nan,nan,7.834229502511220744e+00,4.643733097759733752e+00,3.194536407574362080e+00
4.333100000000000307e+01,7.685200000000000031e+00,2.746903800964355469e+01,4.156059741973876953e+00,nan,nan,7.122328314614492228e+00,4.242010070530424670e+00,2.880392869099325459e+00
2.221199999999999974e+01,3.398499999999999854e+00,2.746883201599121094e+01,4.155800819396972656e+00,nan,nan,5.384524974656301310e+00,3.544012917725096745e+00,1.840518732651418965e+00
4.005399999999998073e+00,5.792899999999998606e-01,2.746365356445312500e+01,4.152521610260009766e+00,nan,nan,8.077786955666738322e+00,5.172672106472502307e+00,2.906698902233785908e+00
2.039099999999999824e+01,3.128200000000000092e+00,2.753909492492675781e+01,4.186281681060791016e+00,nan,nan,5.506152663064199260e+00,3.617321206776152653e+00,1.889121373280233662e+00
4.842899999999999494e+01,8.496199999999999974e+00,2.756052589416503906e+01,4.229429721832275391e+00,nan,nan,8.170228991341787150e+00,4.814148260799894885e+00,3.367285688503927510e+00
4.612199999999999989e+01,7.704500000000000348e+00,2.748007774353027344e+01,4.163227081298828125e+00,nan,nan,7.421297344994741252e+00,4.540641738621244983e+00,2.884533246144003193e+00
2.221499999999999986e+01,3.305099999999999927e+00,2.746026802062988281e+01,4.151924133300781250e+00,nan,nan,5.397145662141042521e+00,3.543718828407774968e+00,1.853482742890066426e+00
2.660199999999999676e+00,4.593900000000004091e-01,2.728364944458007812e+01,4.085259914398193359e+00,nan,nan,8.250083479714589885e+00,5.341936661449919299e+00,2.931104977711386006e+00
2.097199999999999775e+01,3.102700000000000014e+00,2.736451339721679688e+01,4.178312778472900391e+00,nan,nan,5.477909478974538615e+00,3.585907711235533757e+00,1.891988952740377705e+00
4.845899999999999608e+01,8.739300000000000068e+00,2.835150146484375000e+01,4.509999275207519531e+00,nan,nan,7.960701498818593791e+00,4.709505631176481799e+00,3.309283216580099385e+00
4.681000000000000227e+01,7.363199999999999967e+00,2.942475128173828125e+01,4.778462886810302734e+00,nan,nan,6.723361048531728557e+00,4.391430093494902209e+00,2.372761328800863545e+00
2.233099999999999952e+01,3.516900000000000137e+00,2.737452697753906250e+01,4.135703086853027344e+00,nan,nan,5.361787710023122600e+00,3.537587417809020085e+00,1.824280162438101094e+00
3.697099999999998943e+00,5.001399999999995849e-01,2.590492820739746094e+01,3.740572929382324219e+00,nan,nan,7.616321596932607463e+00,4.975159718243132190e+00,2.695967753513998311e+00
2.144199999999999662e+01,3.540799999999999947e+00,2.423670196533203125e+01,3.710254430770874023e+00,nan,nan,5.297012719941335490e+00,3.495398773399840398e+00,1.801740904434866231e+00
4.871300000000000097e+01,8.602199999999999847e+00,4.711382675170898438e+01,8.857969284057617188e+00,nan,nan,5.406138334107595256e+00,3.532264723030577702e+00,1.876978059395498555e+00
4.561199999999999477e+01,7.019499999999999851e+00,3.901077651977539062e+01,6.900513648986816406e+00,nan,nan,5.478116068673330119e+00,3.630474282948027653e+00,1.850477893933004658e+00
2.101300000000000168e+01,3.422699999999999854e+00,2.747294807434082031e+01,4.161571025848388672e+00,nan,nan,5.426072034669118693e+00,3.587979091850768132e+00,1.838108320816702168e+00
4.407799999999998164e+00,4.855900000000001882e-01,2.732713508605957031e+01,4.099701881408691406e+00,nan,nan,7.999281916451650432e+00,5.091459585873137073e+00,2.925231297596639912e+00
1.718799999999999883e+01,2.305699999999999861e+00,2.734994506835937500e+01,4.115072727203369141e+00,nan,nan,5.856228146386342814e+00,3.780236555782805485e+00,2.078745086773580830e+00
4.733800000000000097e+01,7.695899999999999963e+00,2.907761383056640625e+01,4.883151054382324219e+00,nan,nan,6.927288803887563517e+00,4.489671780315886096e+00,2.474478681667990010e+00
5.081700000000000017e+01,8.050300000000000011e+00,2.747175788879394531e+01,4.158255100250244141e+00,nan,nan,8.267675909829335978e+00,5.156158043591032580e+00,3.113802631481832783e+00
2.825300000000000011e+01,4.440800000000000303e+00,2.744629669189453125e+01,4.149009227752685547e+00,nan,nan,5.258110198807912639e+00,3.460071100441466374e+00,1.798050184830374043e+00
2.687400000000000233e+00,-4.469500000000001805e-01,2.746692657470703125e+01,4.154678344726562500e+00,nan,nan,9.012481722665029338e+00,5.371368481365690783e+00,3.642350156887716572e+00
1.468200000000000038e+01,2.168400000000000105e+00,2.746869087219238281e+01,4.155735015869140625e+00,nan,nan,6.103377375436025432e+00,3.967433525768767399e+00,2.135989268406576436e+00
4.751800000000000068e+01,7.679199999999999804e+00,2.750388908386230469e+01,4.178808212280273438e+00,nan,nan,7.561363730263906291e+00,4.705833985058317737e+00,2.859574277981466572e+00
5.207000000000000028e+01,8.496199999999999974e+00,2.746925544738769531e+01,4.156222820281982422e+00,nan,nan,8.782193693947988322e+00,5.343937231747160510e+00,3.438634832485861104e+00
2.828000000000000114e+01,4.441200000000000259e+00,2.746867752075195312e+01,4.155797481536865234e+00,nan,nan,5.257338437867360881e+00,3.459945632664214177e+00,1.797397215946859639e+00
2.306100000000000705e+00,-3.475700000000001566e-01,2.746898269653320312e+01,4.155954837799072266e+00,nan,nan,8.996636423897939494e+00,5.431149079052458362e+00,3.565566022976583760e+00
1.068700000000000117e+01,2.329800000000000093e+00,2.746898269653320312e+01,4.155961990356445312e+00,nan,nan,6.417739424538808635e+00,4.335600926128874377e+00,2.082152207478231709e+00
4.023599999999999710e+01,7.685200000000000031e+00,2.746898651123046875e+01,4.155975341796875000e+00,nan,nan,6.846354517770009807e+00,3.965874983517180485e+00,2.880504806622213643e+00
4.459499999999999886e+01,8.540800000000000836e+00,2.746898841857910156e+01,4.155987739562988281e+00,nan,nan,7.845100436043935588e+00,4.371962382046232776e+00,3.473195512875265401e+00
2.516600000000000037e+01,4.935100000000000264e+00,2.746896743774414062e+01,4.155948162078857422e+00,nan,nan,5.317783388924794963e+00,3.474418474880705876e+00,1.843368013485616963e+00
2.488199999999999079e+00,9.461699999999999555e-01,2.746702384948730469e+01,4.155897140502929688e+00,nan,nan,8.093016180825429728e+00,5.401476456371794299e+00,2.691618760212606709e+00
1.486800000000000033e+01,2.683999999999999719e+00,2.746898651123046875e+01,4.155966758728027344e+00,nan,nan,5.932629380059438517e+00,3.952740265575896306e+00,1.979898651226705830e+00
3.661500000000000199e+01,5.754100000000000215e+00,2.746898460388183594e+01,4.155969142913818359e+00,nan,nan,5.732369694543081096e+00,3.718589617458830876e+00,2.013787706478781026e+00
3.471300000000000097e+01,8.322499999999999787e+00,2.746899032592773438e+01,4.155985832214355469e+00,nan,nan,6.931222710442739299e+00,3.621435596195708317e+00,3.309801061733907979e+00
2.124099999999999966e+01,5.426000000000000156e+00,2.746898460388183594e+01,4.155967235565185547e+00,nan,nan,5.510186109376149943e+00,3.578770710674773259e+00,1.931414385422415059e+00
6.657700000000001950e+00,5.196499999999995012e-01,2.746898460388183594e+01,4.155967235565185547e+00,nan,nan,7.755307707619863322e+00,4.807667566982756213e+00,2.947685320957845967e+00
1.547499999999999964e+01,1.815100000000000158e+00,2.746898460388183594e+01,4.155967235565185547e+00,nan,nan,6.176097426247793010e+00,3.906213595119963689e+00,2.269897420986837666e+00
3.028400000000000247e+01,7.116299999999999848e+00,2.746898460388183594e+01,4.155972480773925781e+00,nan,nan,6.039922509026723674e+00,3.482588602749358220e+00,2.557336528881735127e+00
3.337800000000000011e+01,8.071400000000000574e+00,2.746898841857910156e+01,4.155980110168457031e+00,nan,nan,6.698874506783681682e+00,3.566711379734526677e+00,3.132171829327291768e+00
2.215099999999999980e+01,5.290799999999999947e+00,2.746898460388183594e+01,4.155964851379394531e+00,nan,nan,5.448980841469960978e+00,3.546026422230254216e+00,1.902954598053640645e+00
5.219100000000000961e+00,1.158599999999996299e-01,2.746898460388183594e+01,4.155966758728027344e+00,nan,nan,8.219674620461660197e+00,5.000725580898771838e+00,3.219006736859030049e+00
1.784199999999999875e+01,1.834400000000000031e+00,2.746898460388183594e+01,4.155967235565185547e+00,nan,nan,6.008731159997182658e+00,3.746721460072051091e+00,2.262020547970480244e+00
3.556300000000000239e+01,7.241100000000000314e+00,2.746899604797363281e+01,4.156009674072265625e+00,nan,nan,6.285400662255483439e+00,3.662066532818327946e+00,2.623350937946981709e+00
3.808400000000000318e+01,8.670500000000000540e+00,2.746908950805664062e+01,4.156134128570556641e+00,nan,nan,7.382951292824941447e+00,3.809052659718047185e+00,3.573963363751119893e+00
2.403199999999999648e+01,4.846700000000000230e+00,2.746893692016601562e+01,4.155929565429687500e+00,nan,nan,5.326706085038381389e+00,3.494703246799956364e+00,1.832005580052084248e+00
4.855000000000000426e+00,-7.723899999999961352e-02,2.746883392333984375e+01,4.155804634094238281e+00,nan,nan,8.410038981270986369e+00,5.051611496654997424e+00,3.358550508602804463e+00
1.517200000000000060e+01,1.950299999999999923e+00,2.746898460388183594e+01,4.155970573425292969e+00,nan,nan,6.145229611230092814e+00,3.929151488987456364e+00,2.216091712101644795e+00
3.975000000000000000e+01,7.646600000000000286e+00,2.748647308349609375e+01,4.175772666931152344e+00,nan,nan,6.768089804482656291e+00,3.926617814747344060e+00,2.842496593579000752e+00
4.419800000000000040e+01,8.114200000000000301e+00,2.747019386291503906e+01,4.157351493835449219e+00,nan,nan,7.488675865960317424e+00,4.329931570736418323e+00,3.159414251431173604e+00
2.619599999999999795e+01,4.289399999999999658e+00,2.746815109252929688e+01,4.155436992645263672e+00,nan,nan,5.255061302018361857e+00,3.463042511192809148e+00,1.792023678406423848e+00
5.320800000000001972e+00,-1.899099999999975807e-02,2.725908088684082031e+01,4.071496486663818359e+00,nan,nan,8.175198588204580119e+00,4.954468561855803088e+00,3.241032560452169697e+00
1.644599999999999795e+01,2.201299999999999812e+00,2.747553062438964844e+01,4.160159587860107422e+00,nan,nan,5.963081869912343791e+00,3.837014152256499333e+00,2.126136262997335713e+00
4.497299999999999898e+01,7.907899999999999707e+00,2.757416915893554688e+01,4.229073524475097656e+00,nan,nan,7.351960453820424846e+00,4.400655938831816272e+00,2.962374885662740986e+00
4.806399999999999295e+01,7.917000000000000703e+00,2.753384017944335938e+01,4.193466186523437500e+00,nan,nan,7.746037516427236369e+00,4.769821478573332385e+00,2.991369445904440205e+00
2.676300000000000168e+01,3.977799999999999780e+00,2.745952796936035156e+01,4.153513908386230469e+00,nan,nan,5.252978715729909709e+00,3.459664477554808659e+00,1.793319841011709492e+00
4.295200000000001239e+00,-5.449400000000004241e-02,2.507111167907714844e+01,3.555924177169799805e+00,nan,nan,7.615578684640126994e+00,4.781230999676237658e+00,2.905433734043783467e+00
1.741700000000000159e+01,2.297800000000000065e+00,2.624779701232910156e+01,3.907980203628540039e+00,nan,nan,5.721339735818105510e+00,3.704606606213103337e+00,2.021386464222616475e+00
4.606399999999999295e+01,7.834900000000000198e+00,2.872929763793945312e+01,4.632441043853759766e+00,nan,nan,7.015030894112783244e+00,4.388561560360441760e+00,2.669849713429159443e+00
4.897500000000000142e+01,7.801099999999999923e+00,2.832582855224609375e+01,4.499246120452880859e+00,nan,nan,7.447406325173574260e+00,4.776471449581633166e+00,2.723135073765463154e+00
2.664199999999999946e+01,4.151600000000000179e+00,2.746130561828613281e+01,4.159065723419189453e+00,nan,nan,5.250344667267995646e+00,3.460041238514433903e+00,1.790307899101919453e+00
4.608599999999999142e+00,1.396999999999959385e-02,2.555176544189453125e+01,3.680437326431274414e+00,nan,nan,7.689929995370107463e+00,4.806300951687346057e+00,2.944503744229025166e+00
1.662800000000000011e+01,2.336500000000000021e+00,2.575070190429687500e+01,3.811897516250610352e+00,nan,nan,5.703409466576772502e+00,3.721698953358183903e+00,1.986456831082052510e+00
4.557600000000000051e+01,7.820399999999999352e+00,4.016974639892578125e+01,7.172594070434570312e+00,nan,nan,5.465446147752004435e+00,3.589972092358122868e+00,1.883266170605367940e+00
4.818600000000000705e+01,7.511400000000000077e+00,2.856279754638671875e+01,4.535644054412841797e+00,nan,nan,7.162485394311147502e+00,4.648585392681608752e+00,2.555348713978475850e+00
2.730900000000000105e+01,4.132299999999999862e+00,2.748857688903808594e+01,4.166429996490478516e+00,nan,nan,5.248996052575307658e+00,3.458101941792021794e+00,1.790900846108145039e+00
5.055800000000001404e+00,1.723499999999997812e-01,2.702201461791992188e+01,4.019232749938964844e+00,nan,nan,7.997129950356679728e+00,4.954674078670988635e+00,3.072060068234152119e+00
1.668900000000000006e+01,2.394400000000000084e+00,2.637439537048339844e+01,3.929536581039428711e+00,nan,nan,5.749370846581655314e+00,3.752821518627654118e+00,2.000284274204916279e+00
4.563700000000000045e+01,7.646600000000000286e+00,4.410004806518554688e+01,7.928833961486816406e+00,nan,nan,5.383750233483510783e+00,3.523054970947752995e+00,1.862678011044210713e+00
4.764000000000000057e+01,7.878300000000000303e+00,2.806378936767578125e+01,4.366186618804931641e+00,nan,nan,7.473636421990590861e+00,4.646897865978727893e+00,2.856257041081136983e+00
2.906900000000000261e+01,4.325400000000000134e+00,2.748940086364746094e+01,4.165791988372802734e+00,nan,nan,5.258972797227102092e+00,3.465811862198363347e+00,1.793170412167257588e+00
4.187400000000000233e+00,1.930999999999993832e-02,2.629920196533203125e+01,3.837370157241821289e+00,nan,nan,7.956927332711416057e+00,4.966271712032805041e+00,3.044283826931661885e+00
1.541499999999999915e+01,2.162700000000000067e+00,2.577107810974121094e+01,3.781258583068847656e+00,nan,nan,5.814162049126821330e+00,3.795480920521269841e+00,2.025503118618673604e+00
4.697200000000000131e+01,7.858999999999999986e+00,3.362814712524414062e+01,6.000492572784423828e+00,nan,nan,6.089969668221669963e+00,4.013310505596647815e+00,2.117270429714865010e+00
4.842899999999999494e+01,7.781799999999999606e+00,3.020479202270507812e+01,4.940338134765625000e+00,nan,nan,6.918279681039052775e+00,4.479892446247587756e+00,2.488731940373129170e+00
2.900900000000000034e+01,4.518500000000000405e+00,2.742205810546875000e+01,4.154910564422607422e+00,nan,nan,5.267908963990407756e+00,3.465986146179686589e+00,1.801929731949514668e+00
2.245400000000000063e+00,-2.703300000000004033e-01,2.085265350341796875e+01,2.749915599822998047e+00,nan,nan,6.990613732171254924e+00,4.505291535107145862e+00,2.571960766895956318e+00
1.650700000000000145e+01,2.471600000000000019e+00,2.710788536071777344e+01,4.048594474792480469e+00,nan,nan,5.816675457787710002e+00,3.809237672535429997e+00,2.012456734760946553e+00
4.622999999999999687e+01,7.818200000000000038e+00,2.929260444641113281e+01,5.001595497131347656e+00,nan,nan,6.782535586190419963e+00,4.346194459644804553e+00,2.474992950543112080e+00
5.213100000000000023e+01,8.554199999999999804e+00,2.760740280151367188e+01,4.217593193054199219e+00,nan,nan,8.727246317696767619e+00,5.328373743740568713e+00,3.420602520092672627e+00
2.882699999999999818e+01,4.730900000000000105e+00,2.745310211181640625e+01,4.153721332550048828e+00,nan,nan,5.283236298394399455e+00,3.463869346825133366e+00,1.819372852429098408e+00
2.548899999999999721e+00,-5.792900000000003047e-01,2.742417335510253906e+01,4.135198116302490234e+00,nan,nan,9.095683131051259807e+00,5.384405686108122424e+00,3.724211176022238057e+00
1.342400000000000126e+01,2.259199999999999875e+00,2.740340805053710938e+01,4.134809494018554688e+00,nan,nan,6.163945469689565471e+00,4.066820813862333850e+00,2.098935087307638447e+00
4.472699999999999676e+01,8.032799999999999940e+00,2.759101295471191406e+01,4.225922107696533203e+00,nan,nan,7.414728197884755900e+00,4.372460200039396838e+00,3.050389726742452901e+00
5.018899999999999295e+01,8.515599999999999170e+00,2.747936248779296875e+01,4.162005424499511719e+00,nan,nan,8.507848295998769572e+00,5.064791514126310901e+00,3.446239431484884541e+00
2.482099999999999795e+01,4.093600000000000350e+00,2.696808624267578125e+01,4.108268260955810547e+00,nan,nan,5.265667352509694865e+00,3.474458409992705388e+00,1.791205366238302510e+00
5.037100000000000222e+01,9.152799999999999159e+00,3.361860275268554688e+01,5.960001945495605469e+00,nan,nan,6.875410828423696330e+00,4.316083385197172717e+00,2.649633010014242451e+00
4.283800000000000097e+01,6.997099999999999653e+00,3.634984970092773438e+01,6.246722221374511719e+00,nan,nan,5.493436608147817424e+00,3.618511571136961980e+00,1.883307715042776387e+00
1.796300000000000097e+01,3.070199999999999818e+00,2.744934272766113281e+01,4.150735855102539062e+00,nan,nan,5.630886826348501017e+00,3.738396002499114079e+00,1.892572780235952656e+00
4.992300000000000182e+00,6.758399999999995522e-01,2.739571952819824219e+01,4.123203277587890625e+00,nan,nan,7.833369765114980510e+00,5.020058705059538440e+00,2.824886282070822041e+00
2.471599999999999753e+01,4.198999999999999844e+00,2.727449226379394531e+01,4.127031803131103516e+00,nan,nan,5.270463380646901896e+00,3.479202284065733952e+00,1.791255434139913838e+00
4.879299999999999926e+01,8.901699999999999946e+00,3.381710433959960938e+01,6.015616893768310547e+00,nan,nan,6.577469143700795939e+00,4.149594618526945666e+00,2.502194483860677998e+00
4.189100000000000534e+01,7.105900000000000105e+00,3.305990982055664062e+01,5.483295440673828125e+00,nan,nan,5.739346299004751017e+00,3.715738846508513493e+00,2.040781577213949483e+00
1.954100000000000037e+01,3.050899999999999945e+00,2.744064521789550781e+01,4.147518634796142578e+00,nan,nan,5.548129591775136760e+00,3.652474476543913884e+00,1.895769734963125508e+00
5.158400000000000318e+00,3.668800000000000949e-01,2.734341621398925781e+01,4.102444648742675781e+00,nan,nan,7.973890337777334025e+00,4.988881899563322619e+00,3.001910884960836690e+00
2.445699999999999719e+01,3.746100000000000207e+00,2.686828422546386719e+01,4.037048816680908203e+00,nan,nan,5.279309305978017619e+00,3.478834046570311589e+00,1.800565143212026875e+00
5.055300000000000438e+01,8.978999999999999204e+00,3.077690887451171875e+01,5.229337215423583984e+00,nan,nan,7.530016932320791057e+00,4.655219628063688830e+00,2.969476183041281026e+00
4.448399999999999466e+01,7.298999999999999488e+00,3.013398933410644531e+01,4.880817413330078125e+00,nan,nan,6.369688782525258830e+00,4.097403003422270373e+00,2.303643186672872822e+00
1.990500000000000114e+01,3.301899999999999835e+00,2.620132637023925781e+01,3.866705417633056641e+00,nan,nan,5.410096916985708049e+00,3.586003853527556462e+00,1.824980099781698506e+00
4.915700000000001069e+00,-5.792899999999967520e-02,2.707795906066894531e+01,4.026027679443359375e+00,nan,nan,8.182146582436757853e+00,4.981990887371550158e+00,3.232203682049459736e+00
2.312199999999999989e+01,3.514400000000000190e+00,2.738895988464355469e+01,4.129391193389892578e+00,nan,nan,5.340872082543569377e+00,3.515386535374175114e+00,1.825729389771169942e+00
5.134199999999999875e+01,8.959699999999999775e+00,2.819483947753906250e+01,4.532677650451660156e+00,nan,nan,8.510839018655019572e+00,5.118300272671232776e+00,3.450119693859762471e+00
4.632300000000000040e+01,8.027400000000000091e+00,2.747810554504394531e+01,4.162059307098388672e+00,nan,nan,7.657228503060537150e+00,4.564470006672392444e+00,3.095311124905294697e+00
1.917699999999999960e+01,2.799900000000000055e+00,2.638864707946777344e+01,3.877464771270751953e+00,nan,nan,5.519902977776723674e+00,3.623668147770415349e+00,1.898446579559988301e+00
6.557500000000011653e-01,-8.345399999999996155e-01,2.746802330017089844e+01,4.155266284942626953e+00,nan,nan,9.665762457680898478e+00,5.698247267452726916e+00,3.968423326595968526e+00
1.899500000000000099e+01,3.861899999999999888e+00,2.746898460388183594e+01,4.155966281890869141e+00,nan,nan,5.479472074341970256e+00,3.681678964344512028e+00,1.797797163113302510e+00
5.156600000000000250e+01,9.142200000000000770e+00,2.760583496093750000e+01,4.231812000274658203e+00,nan,nan,9.110895666909414103e+00,5.244837118832121448e+00,3.882265766247457783e+00
4.551600000000000534e+01,7.878300000000000303e+00,2.746902465820312500e+01,4.156034469604492188e+00,nan,nan,7.475832733941274455e+00,4.472912503925810412e+00,3.002995212658590596e+00
1.970100000000000051e+01,2.424999999999999822e+00,2.743048858642578125e+01,4.143607139587402344e+00,nan,nan,5.693153652978139689e+00,3.644364072529326481e+00,2.049400051220602315e+00
-3.337799999999997880e+00,2.896399999999994535e-01,2.746898460388183594e+01,4.155967235565185547e+00,nan,nan,9.514234099221425822e+00,6.415587259975920276e+00,3.098739107235616963e+00
1.778099999999999881e+01,3.861899999999999888e+00,2.746898460388183594e+01,4.155967235565185547e+00,nan,nan,5.548186693024831584e+00,3.750393344608794255e+00,1.797797222717947285e+00
4.678999999999999915e+01,7.897600000000000620e+00,2.746898460388183594e+01,4.155969619750976562e+00,nan,nan,7.636927637887197307e+00,4.621282650677214221e+00,3.015691240414327901e+00
3.246800000000000352e+01,6.449399999999999800e+00,2.746896362304687500e+01,4.155984878540039062e+00,nan,nan,5.786413702798085978e+00,3.535781337467680974e+00,2.250637372120565693e+00
2.360699999999999932e+01,4.151600000000000179e+00,2.746897125244140625e+01,4.155947685241699219e+00,nan,nan,5.294597778153615764e+00,3.504371060577879948e+00,1.790230711086935322e+00
1.517199999999998994e+00,4.827399999999997249e-01,2.746891212463378906e+01,4.155977249145507812e+00,nan,nan,8.527852568459707072e+00,5.556737496105681018e+00,2.971185882672018330e+00
1.547499999999999964e+01,3.205400000000000027e+00,2.746898460388183594e+01,4.155967235565185547e+00,nan,nan,5.775532755685048869e+00,3.906213595119963689e+00,1.869326015099233906e+00
3.908299999999999841e+01,7.298999999999999488e+00,2.746898460388183594e+01,4.155967712402343750e+00,nan,nan,6.533196005654531291e+00,3.878266288486968083e+00,2.654947956188864033e+00
3.046499999999999986e+01,7.279700000000000060e+00,2.746896362304687500e+01,4.155982017517089844e+00,nan,nan,6.130190644097524455e+00,3.485872282234679265e+00,2.644320090397543233e+00
1.838799999999999812e+01,3.707500000000000018e+00,2.746898078918457031e+01,4.155960083007812500e+00,nan,nan,5.522716674637990764e+00,3.714887692181120915e+00,1.807833452805227559e+00
1.335100000000000620e+00,1.119999999999999662e+00,2.746898460388183594e+01,4.155967712402343750e+00,nan,nan,8.183380160165029338e+00,5.586376501766691760e+00,2.597051938160604756e+00
1.596099999999999852e+01,3.147499999999999964e+00,2.746898460388183594e+01,4.155967235565185547e+00,nan,nan,5.749865088296132853e+00,3.870617224422942204e+00,1.879254956825918477e+00
4.017499999999999716e+01,8.187300000000000466e+00,2.746898460388183594e+01,4.155967712402343750e+00,nan,nan,7.173810753655629924e+00,3.961032463757048649e+00,3.212805231198019307e+00
3.325699999999999790e+01,6.121199999999999974e+00,2.746898460388183594e+01,4.155963420867919922e+00,nan,nan,5.690588984322744182e+00,3.562300457207213444e+00,2.128294904812521260e+00
1.614300000000000068e+01,2.896399999999999864e+00,2.746897697448730469e+01,4.155952930450439453e+00,nan,nan,5.786763224435048869e+00,3.857665135113249821e+00,1.929105420693105977e+00
3.226500000000001478e+00,9.988000000000001322e-01,2.746898460388183594e+01,4.155967235565185547e+00,nan,nan,7.952146086526113322e+00,5.289436175076017932e+00,2.662755568607992451e+00
2.134699999999999775e+01,3.471699999999999786e+00,2.746899032592773438e+01,4.155976295471191406e+00,nan,nan,5.405960831475454142e+00,3.574698819366942448e+00,1.831267436131185811e+00
4.345199999999999818e+01,8.669999999999999929e+00,2.746899032592773438e+01,4.155997276306152344e+00,nan,nan,7.827796969247060588e+00,4.254024221149931506e+00,3.573830803021139424e+00
3.673599999999999710e+01,6.895800000000000374e+00,2.746897697448730469e+01,4.155965805053710938e+00,nan,nan,6.172838005852895549e+00,3.725533796993742985e+00,2.447315891369528096e+00
1.450400000000000134e+01,2.741999999999999993e+00,2.746856307983398438e+01,4.155670642852783203e+00,nan,nan,5.946920666527944377e+00,3.981708242146025700e+00,1.965255339726156514e+00
5.118999999999999773e+00,4.253000000000000114e-01,2.746897315979003906e+01,4.155941963195800781e+00,nan,nan,8.023095164132314494e+00,5.014638020245085315e+00,3.008502681835836690e+00
2.342500000000000071e+01,3.514400000000000190e+00,2.746902275085449219e+01,4.156025886535644531e+00,nan,nan,5.335362825226980021e+00,3.508918418137084050e+00,1.826450605972952168e+00
4.800399999999999778e+01,9.094799999999999329e+00,2.748917579650878906e+01,4.179140567779541016e+00,nan,nan,8.663393530678945353e+00,4.769292189327726916e+00,3.897264917477316182e+00
4.096399999999999864e+01,7.511400000000000077e+00,2.746931076049804688e+01,4.156271934509277344e+00,nan,nan,6.800687584710317424e+00,4.025430156437407092e+00,2.775417526348776143e+00
1.741700000000000159e+01,2.683999999999999719e+00,2.746809196472167969e+01,4.155269622802734375e+00,nan,nan,5.752616915536123088e+00,3.772738291470061345e+00,1.979963262661642354e+00
6.311499999999998778e+00,5.792899999999998606e-01,2.746607398986816406e+01,4.153907775878906250e+00,nan,nan,7.759402785134511760e+00,4.852487160412321643e+00,2.907871564015096943e+00
2.548900000000000077e+01,3.919900000000000162e+00,2.747503471374511719e+01,4.160500526428222656e+00,nan,nan,5.266171607804494670e+00,3.470233334747801823e+00,1.795952280148214619e+00
4.946000000000000085e+01,9.133499999999999730e+00,2.748351287841796875e+01,4.164933204650878906e+00,nan,nan,8.905115637612539103e+00,4.962722136227140979e+00,3.946156461819357197e+00
4.293999999999999773e+01,7.279700000000000060e+00,2.759564208984375000e+01,4.212739467620849609e+00,nan,nan,6.791442427468496135e+00,4.191132022587309436e+00,2.609377225025839131e+00
1.802400000000000091e+01,2.741999999999999993e+00,2.744515609741210938e+01,4.146451950073242188e+00,nan,nan,5.697742256951528361e+00,3.734602166859160466e+00,1.963490803822225850e+00
4.490899999999999892e+00,6.565300000000000580e-01,2.718998146057128906e+01,4.062721252441406250e+00,nan,nan,7.834879431557851603e+00,5.058132960049162463e+00,2.798358162029928486e+00
2.433599999999999852e+01,4.209500000000000242e+00,2.724399375915527344e+01,4.124239444732666016e+00,nan,nan,5.276926312279897502e+00,3.485381080357085271e+00,1.791533430203146260e+00
4.942000000000000171e+01,9.077400000000000801e+00,3.020320320129394531e+01,5.022192001342773438e+00,nan,nan,7.684102568459707072e+00,4.592620922771940783e+00,3.174827058895773213e+00
4.229899999999999949e+01,6.739099999999999646e+00,3.431223297119140625e+01,5.839537620544433594e+00,nan,nan,5.564087900948720744e+00,3.676815463749419255e+00,1.897877176388448994e+00
1.880300000000000082e+01,3.113799999999999901e+00,2.746453666687011719e+01,4.154335498809814453e+00,nan,nan,5.576766404938894084e+00,3.691711379734526677e+00,1.885091026409811299e+00
4.855000000000000426e+00,7.144599999999998730e-01,2.746629905700683594e+01,4.153991222381591797e+00,nan,nan,7.874383005929189494e+00,5.051119400707731799e+00,2.824670394047445576e+00
2.354699999999999704e+01,4.054999999999999716e+00,2.746761894226074219e+01,4.155759811401367188e+00,nan,nan,5.296907577347951701e+00,3.505800022331725163e+00,1.791111727341360371e+00
4.770000000000000284e+01,8.882400000000000517e+00,2.750443458557128906e+01,4.176258563995361328e+00,nan,nan,8.436056170296865275e+00,4.728241278378019885e+00,3.716977317913717549e+00
3.902199999999999847e+01,6.797000000000000597e+00,2.748369979858398438e+01,4.163674354553222656e+00,nan,nan,6.268599304986196330e+00,3.872851683346282048e+00,2.396917303188986104e+00
1.942000000000000171e+01,3.243999999999999773e+00,2.746900749206542969e+01,4.155982494354248047e+00,nan,nan,5.522823486161428264e+00,3.659795476643096013e+00,1.863034685238546651e+00
4.612199999999997857e+00,8.689299999999997581e-01,2.746859169006347656e+01,4.155502796173095703e+00,nan,nan,7.821102175545888713e+00,5.085971667019377307e+00,2.735420306309408467e+00
2.463899999999999935e+01,3.939200000000000035e+00,2.746813011169433594e+01,4.155782699584960938e+00,nan,nan,5.277160558533864787e+00,3.482836617676268620e+00,1.794328291996664326e+00
4.861100000000000421e+01,8.901699999999999946e+00,2.757495880126953125e+01,4.208073616027832031e+00,nan,nan,8.517282996010976603e+00,4.835122181622038440e+00,3.699633558376974385e+00
8.556900000000002393e+00,9.268600000000000172e-01,2.746883964538574219e+01,4.155809402465820312e+00,nan,nan,7.275254521203237346e+00,4.572535587994108752e+00,2.702797253712362568e+00
3.173999999999999844e+01,5.329500000000000348e+00,2.747050666809082031e+01,4.157595157623291016e+00,nan,nan,5.425513658356862834e+00,3.514721943584929509e+00,1.910829146488851826e+00
5.176600000000000534e+01,9.287900000000000489e+00,2.913376426696777344e+01,4.748890399932861328e+00,nan,nan,8.509105238747793010e+00,5.037737919537077502e+00,3.540845592602438252e+00
3.914300000000000068e+01,6.449399999999999800e+00,2.753048324584960938e+01,4.185021877288818359e+00,nan,nan,6.115099701714711955e+00,3.878306938854704899e+00,2.239545186146444600e+00
1.092400000000000304e+01,1.428900000000000059e+00,2.712952613830566406e+01,4.041656494140625000e+00,nan,nan,6.648229870629506877e+00,4.274705125538359241e+00,2.386528571232504170e+00
6.918400000000001882e+00,8.303200000000003911e-01,2.732467460632324219e+01,4.102096557617187500e+00,nan,nan,7.459316048455434611e+00,4.752868487087736682e+00,2.721531231983846943e+00
3.313499999999999801e+01,5.735000000000000320e+00,2.745794868469238281e+01,4.168151378631591797e+00,nan,nan,5.563776526284414103e+00,3.558380557743559880e+00,2.005362113102621358e+00
5.031000000000000227e+01,9.017599999999999838e+00,3.116064262390136719e+01,5.331960678100585938e+00,nan,nan,7.414409193825918010e+00,4.580027415005217151e+00,2.928904493435568135e+00
3.853699999999999903e+01,6.005300000000000082e+00,3.369287490844726562e+01,5.665118217468261719e+00,nan,nan,5.390543613267141154e+00,3.555625392643462224e+00,1.837863345726675313e+00
1.194099999999999895e+01,1.568200000000000038e+00,2.711359405517578125e+01,4.038703918457031250e+00,nan,nan,6.488147291970449260e+00,4.174337698666105823e+00,2.324353654965109151e+00
7.403900000000000148e+00,6.758399999999995522e-01,2.743423843383789062e+01,4.140043735504150391e+00,nan,nan,7.538390908074575236e+00,4.707454754559050158e+00,2.837159712895101826e+00
3.204299999999999926e+01,5.136400000000000077e+00,2.752011489868164062e+01,4.185653209686279297e+00,nan,nan,5.392380986046987346e+00,3.521874858585845036e+00,1.870635588749594014e+00
4.946000000000000085e+01,8.805199999999999250e+00,3.285294342041015625e+01,5.781712532043457031e+00,nan,nan,6.789914641213613322e+00,4.303243829456816272e+00,2.567405064686483662e+00
3.890099999999999625e+01,6.121199999999999974e+00,3.143153381347656250e+01,5.129215717315673828e+00,nan,nan,5.536941561532216838e+00,3.645092322079192204e+00,1.899382908924764912e+00
1.247900000000000098e+01,1.697300000000000253e+00,2.732190704345703125e+01,4.101515769958496094e+00,nan,nan,6.435304198098378947e+00,4.144116832462797717e+00,2.296334584339803975e+00
8.347799999999999443e+00,9.075499999999996348e-01,2.744900131225585938e+01,4.145989894866943359e+00,nan,nan,7.297077689004140666e+00,4.594537331310759143e+00,2.706276257618612568e+00
3.246800000000000352e+01,5.174999999999999822e+00,2.770994949340820312e+01,4.259175300598144531e+00,nan,nan,5.396217021775441935e+00,3.529471172539244694e+00,1.867181976422018330e+00
5.134199999999999875e+01,8.650700000000000500e+00,3.223204040527343750e+01,5.652558803558349609e+00,nan,nan,7.030674252343374064e+00,4.569933845249662951e+00,2.554571111782736104e+00
3.908299999999999841e+01,6.082499999999999574e+00,2.774954223632812500e+01,4.252223968505859375e+00,nan,nan,5.940478596520620158e+00,3.858777238575469060e+00,2.086301167591757100e+00
1.245500000000000007e+01,1.652800000000000047e+00,2.719197273254394531e+01,4.061624050140380859e+00,nan,nan,6.425064835381704142e+00,4.134167267529020862e+00,2.298354466541952412e+00
6.190100000000001046e+00,7.530799999999997496e-01,2.737179374694824219e+01,4.117465972900390625e+00,nan,nan,7.618977579903798869e+00,4.854081227032194690e+00,2.776237447842306416e+00
3.361899999999999977e+01,5.284900000000000375e+00,2.742352485656738281e+01,4.216520786285400391e+00,nan,nan,5.469380292725759318e+00,3.577785624710570378e+00,1.891503115280813496e+00
5.512699999999999534e+01,8.752800000000000580e+00,2.783019447326660156e+01,4.330471515655517578e+00,nan,nan,9.152350458932119182e+00,5.766887499538908557e+00,3.452168424709982197e+00
4.120700000000000074e+01,6.314300000000000246e+00,2.753602027893066406e+01,4.185603141784667969e+00,nan,nan,6.225140604806142619e+00,4.040286614147673205e+00,2.187651355847067158e+00
1.117800000000000082e+01,1.246900000000000119e+00,2.639738273620605469e+01,3.847316026687622070e+00,nan,nan,6.537949118447500041e+00,4.177543474880705432e+00,2.380738337620443623e+00
6.554199999999998028e+00,5.792899999999998606e-01,2.737108802795410156e+01,4.119223117828369141e+00,nan,nan,7.678045782876210978e+00,4.806538655010710315e+00,2.882108052357382100e+00
3.204299999999999926e+01,5.097699999999999676e+00,2.746247482299804688e+01,4.158727645874023438e+00,nan,nan,5.390800628495412639e+00,3.523304595200072331e+00,1.867487986668295186e+00
5.504399999999999693e+01,9.249299999999999855e+00,2.757310485839843750e+01,4.225787639617919922e+00,nan,nan,9.755086455178457072e+00,5.806757761684904651e+00,3.971161802395529072e+00
4.029599999999999937e+01,6.893500000000000405e+00,2.747490501403808594e+01,4.160140514373779297e+00,nan,nan,6.413674626183706096e+00,3.970190836636076970e+00,2.444001038654989522e+00
1.219800000000000040e+01,1.158599999999999852e+00,2.745481300354003906e+01,4.147865295410156250e+00,nan,nan,6.752448830437856486e+00,4.183224751202116565e+00,2.571276863201803486e+00
5.158400000000000318e+00,5.406699999999999839e-01,2.746891784667968750e+01,4.155875682830810547e+00,nan,nan,7.943304571938710978e+00,5.009147001949797229e+00,2.934218843563741963e+00
3.046499999999999986e+01,5.039799999999999613e+00,2.746890640258789062e+01,4.155930042266845703e+00,nan,nan,5.344475421738820842e+00,3.485867454258452458e+00,1.858612676247305195e+00
5.255499999999999972e+01,9.403800000000000381e+00,2.747237205505371094e+01,4.159209728240966797e+00,nan,nan,9.609743151498037150e+00,5.418418003765593127e+00,4.193672378643698018e+00
3.847599999999999909e+01,7.144599999999999618e+00,2.746934509277343750e+01,4.156347274780273438e+00,nan,nan,6.407194647622304728e+00,3.835467292515288396e+00,2.571772893055624287e+00
1.134900000000000020e+01,1.255100000000000104e+00,2.744462203979492188e+01,4.147329330444335938e+00,nan,nan,6.785369191003042033e+00,4.265105201450834826e+00,2.521998842343038838e+00
4.672900000000002052e+00,-3.861899999999973687e-02,2.746898651123046875e+01,4.155967235565185547e+00,nan,nan,8.407689604592519572e+00,5.077403141705046252e+00,3.330350120648092549e+00
2.694500000000000028e+01,5.117099999999999760e+00,2.746898651123046875e+01,4.155966758728027344e+00,nan,nan,5.329830083680349162e+00,3.458746446815978093e+00,1.871086915119833272e+00
4.503000000000000114e+01,8.863099999999999312e+00,2.746979904174804688e+01,4.157036304473876953e+00,nan,nan,8.146608385873037150e+00,4.418887807575712756e+00,3.728054960354513447e+00
2.998000000000000043e+01,6.912899999999999601e+00,2.746896553039550781e+01,4.155968189239501953e+00,nan,nan,5.933078560662465861e+00,3.477545990196715398e+00,2.455534656628317158e+00
1.450400000000000134e+01,2.181999999999999940e+00,2.746897506713867188e+01,4.155950546264648438e+00,nan,nan,6.113044295144277385e+00,3.981741382328520817e+00,2.131313880070394795e+00
7.707300000000000040e+00,5.599799999999999223e-01,2.746898651123046875e+01,4.155966758728027344e+00,nan,nan,7.597060236764150432e+00,4.674951626507292346e+00,2.922149379833883565e+00
2.506400000000000006e+01,3.533700000000000063e+00,2.746898460388183594e+01,4.155968189239501953e+00,nan,nan,5.300037774872976115e+00,3.475915624348174138e+00,1.824126561268514912e+00
3.926500000000000057e+01,9.693400000000000460e+00,2.746898651123046875e+01,4.155981540679931641e+00,nan,nan,8.365785155129628947e+00,3.891544295994292302e+00,4.474280794247335713e+00
2.775400000000000134e+01,7.218099999999999739e+00,2.746905326843261719e+01,4.156181812286376953e+00,nan,nan,6.068982634377675822e+00,3.458174182621489567e+00,2.610806663616842549e+00
1.602100000000000080e+01,2.201299999999999812e+00,2.746898269653320312e+01,4.155962944030761719e+00,nan,nan,5.990994248223501017e+00,3.866324497906218571e+00,2.124680598362631123e+00
7.282499999999998863e+00,-2.317200000000001481e-01,2.746898460388183594e+01,4.155967235565185547e+00,nan,nan,8.203199896645742228e+00,4.727838112560759143e+00,3.475417335613912861e+00
2.032999999999999829e+01,3.861899999999999888e+00,2.746898651123046875e+01,4.155970096588134766e+00,nan,nan,5.414527807069021037e+00,3.616721941677580876e+00,1.797810276135153096e+00
3.896099999999999852e+01,9.654799999999998050e+00,2.746900177001953125e+01,4.156013011932373047e+00,nan,nan,8.306339773965078166e+00,3.869480087009917302e+00,4.436910350903219502e+00
2.998000000000000043e+01,7.279700000000000060e+00,2.746944618225097656e+01,4.156644821166992188e+00,nan,nan,6.121429953408437541e+00,3.477618111816893620e+00,2.643813570126241963e+00
1.195499999999999829e+01,1.969599999999999795e+00,2.746887397766113281e+01,4.155873775482177734e+00,nan,nan,6.416581902337270549e+00,4.207966520039091662e+00,2.208640297039694111e+00
6.372199999999999420e+00,1.158599999999996299e-01,2.746898460388183594e+01,4.155966281890869141e+00,nan,nan,8.063908133340078166e+00,4.844955279079924182e+00,3.219005783184713643e+00
2.785599999999999810e+01,4.711599999999999788e+00,2.746899032592773438e+01,4.155996322631835938e+00,nan,nan,5.275619182419973185e+00,3.458359374252806706e+00,1.817263801678365986e+00
4.272399999999999665e+01,9.172100000000000364e+00,2.747133445739746094e+01,4.158946514129638672e+00,nan,nan,8.170276675057607463e+00,4.182919337002287463e+00,3.987960298641866963e+00
3.410600000000000165e+01,6.912899999999999601e+00,2.746900749206542969e+01,4.156003475189208984e+00,nan,nan,6.050681147408681682e+00,3.595187916008482976e+00,2.455503900631613057e+00
1.147000000000000064e+01,1.274399999999999977e+00,2.745696067810058594e+01,4.150450229644775391e+00,nan,nan,6.766610417199331096e+00,4.254302813259611682e+00,2.513782461270040791e+00
7.889399999999998414e+00,2.510200000000000209e-01,2.746896934509277344e+01,4.155934333801269531e+00,nan,nan,7.777559313607412150e+00,4.652623726574431018e+00,3.124973257168478291e+00
2.846199999999999974e+01,4.923999999999999488e+00,2.746969032287597656e+01,4.156778335571289062e+00,nan,nan,5.303001794648366740e+00,3.460972739902983708e+00,1.842036028488821309e+00
4.800399999999999778e+01,9.094799999999999329e+00,2.751960945129394531e+01,4.192486286163330078e+00,nan,nan,8.630920443368154338e+00,4.764909340588102893e+00,3.876245697125143330e+00
3.732300000000000040e+01,6.198400000000000354e+00,2.746957588195800781e+01,4.156772136688232422e+00,nan,nan,5.915605101418691447e+00,3.760495139805327458e+00,2.155156572445577901e+00
1.043799999999999883e+01,1.370999999999999996e+00,2.745439720153808594e+01,4.147272586822509766e+00,nan,nan,6.821611199212270549e+00,4.360097958294401721e+00,2.464059074505514424e+00
7.221799999999998221e+00,6.758399999999995522e-01,2.735276985168457031e+01,4.114355564117431641e+00,nan,nan,7.530169758629995158e+00,4.719118429867277698e+00,2.820934613331503193e+00
3.258899999999999864e+01,5.136400000000000077e+00,2.896211624145507812e+01,4.692614078521728516e+00,nan,nan,5.323382649254995158e+00,3.504693164078246159e+00,1.819092591389364522e+00
5.103800000000000381e+01,9.036899999999999267e+00,3.176693344116210938e+01,5.476398468017578125e+00,nan,nan,7.392360720467763713e+00,4.594847156254301623e+00,2.865461428745931904e+00
3.944699999999999562e+01,6.082499999999999574e+00,2.747503280639648438e+01,4.161386013031005859e+00,nan,nan,6.018016371560293010e+00,3.904612256733428044e+00,2.113666017636007588e+00
1.080199999999999960e+01,1.216500000000000359e+00,2.744873619079589844e+01,4.145414352416992188e+00,nan,nan,6.857918534112172892e+00,4.321267439571867541e+00,2.539826233967489522e+00
7.100400000000000489e+00,7.917000000000000703e-01,2.667536354064941406e+01,3.925194501876831055e+00,nan,nan,7.245053086114126017e+00,4.643108917919645862e+00,2.639782269581503193e+00
3.327100000000000080e+01,5.260600000000000165e+00,2.754119873046875000e+01,4.221539974212646484e+00,nan,nan,5.447061333489614299e+00,3.560505463329802556e+00,1.886718710049337666e+00
4.357399999999999807e+01,7.917000000000000703e+00,2.746927642822265625e+01,4.156223297119140625e+00,nan,nan,7.294066939187246135e+00,4.266189886776457385e+00,3.028061826809591572e+00
1.935900000000000176e+01,2.626100000000000101e+00,2.730610656738281250e+01,4.114798069000244141e+00,nan,nan,5.640054259133535197e+00,3.655582381931792302e+00,1.985730131252950947e+00
2.427500000000009095e-01,2.124100000000002098e-01,2.746898269653320312e+01,4.155956745147705078e+00,nan,nan,8.919479880166250041e+00,5.768026901928434924e+00,3.151526411160177510e+00
1.820599999999999952e+01,3.784699999999999953e+00,2.746898269653320312e+01,4.155961990356445312e+00,nan,nan,5.527581963372426799e+00,3.725292517391692204e+00,1.802293618305868428e+00
4.648699999999999477e+01,8.052099999999999369e+00,2.746898841857910156e+01,4.155985355377197266e+00,nan,nan,7.703994784188466838e+00,4.585079266277800158e+00,3.118970592602438252e+00
3.671600000000000108e+01,7.472800000000000331e+00,2.746897697448730469e+01,4.155962467193603516e+00,nan,nan,6.477586541009145549e+00,3.724379970280180974e+00,2.753219564541525166e+00
1.984499999999999886e+01,3.610899999999999999e+00,2.746894836425781250e+01,4.155928611755371094e+00,nan,nan,5.455269369912343791e+00,3.639033152309905095e+00,1.816240747555441182e+00
9.103099999999990644e-01,1.930999999999998273e-01,2.746898841857910156e+01,4.155970573425292969e+00,nan,nan,8.820928129983144572e+00,5.656128002850065783e+00,3.164875944241232197e+00
1.687099999999999866e+01,3.321299999999999919e+00,2.746898841857910156e+01,4.155967235565185547e+00,nan,nan,5.659143719506460002e+00,3.807925059048186345e+00,1.851224620922750752e+00
3.871900000000000119e+01,7.704500000000000348e+00,2.746898651123046875e+01,4.155976772308349609e+00,nan,nan,6.744768652749257853e+00,3.852329088894377751e+00,2.892461021526998799e+00
3.010099999999999909e+01,6.912899999999999601e+00,2.746938323974609375e+01,4.156556606292724609e+00,nan,nan,5.934733662438588908e+00,3.479550792423735661e+00,2.455185850247091572e+00
1.923799999999999955e+01,3.591600000000000126e+00,2.746897125244140625e+01,4.155947208404541016e+00,nan,nan,5.487133297753530314e+00,3.669027282444487614e+00,1.818110545262045186e+00
3.580600000000000449e+00,8.109999999999999432e-01,2.746898460388183594e+01,4.155966281890869141e+00,nan,nan,8.005915198159414103e+00,5.236321999279509143e+00,2.769641717060751240e+00
1.878599999999999781e+01,2.877899999999999903e+00,2.746898460388183594e+01,4.155967712402343750e+00,nan,nan,5.626066241097646525e+00,3.692854239193450017e+00,1.933219392880148213e+00
4.145000000000000284e+01,8.438299999999999912e+00,2.746899414062500000e+01,4.156011104583740234e+00,nan,nan,7.462426218819814494e+00,4.067073060719023303e+00,3.395403106793112080e+00
3.525000000000000000e+01,6.823599999999999888e+00,2.746899604797363281e+01,4.156068325042724609e+00,nan,nan,6.059656653237539103e+00,3.646592451778899235e+00,2.413072665318197529e+00
1.638200000000000145e+01,2.555000000000000160e+00,2.746885490417480469e+01,4.155858993530273438e+00,nan,nan,5.855536255669790080e+00,3.840962721554289860e+00,2.014588673695272725e+00
5.522600000000000620e+00,6.951499999999999346e-01,2.746898269653320312e+01,4.155957221984863281e+00,nan,nan,7.797532114815908244e+00,4.958922697750578479e+00,2.838651617153829854e+00
2.148300000000000054e+01,3.243999999999999773e+00,2.746904373168945312e+01,4.156031608581542969e+00,nan,nan,5.433017763924794963e+00,3.569687320438872380e+00,1.863337894066519063e+00
4.745799999999999841e+01,8.534900000000000375e+00,2.750006103515625000e+01,4.189129352569580078e+00,nan,nan,8.132735762429433635e+00,4.698993279186735705e+00,3.436926086529440205e+00
4.163199999999999790e+01,7.414900000000000269e+00,2.746899032592773438e+01,4.155995368957519531e+00,nan,nan,6.802877220940786174e+00,4.083036376682768420e+00,2.719871004208273213e+00
1.717500000000000071e+01,2.510299999999999976e+00,2.746896171569824219e+01,4.155918121337890625e+00,nan,nan,5.815415654015737346e+00,3.788129522053252263e+00,2.027293046101278584e+00
5.158400000000000318e+00,6.951499999999999346e-01,2.746871757507324219e+01,4.155672550201416016e+00,nan,nan,7.847118410897451213e+00,5.009111239162931994e+00,2.838218768223470967e+00
2.494300000000000139e+01,3.649500000000000188e+00,2.753904151916503906e+01,4.189852714538574219e+00,nan,nan,5.296487603020864299e+00,3.479217364040862126e+00,1.817358036621755879e+00
5.061299999999999955e+01,8.901699999999999946e+00,2.748092460632324219e+01,4.166348457336425781e+00,nan,nan,8.866627726388173869e+00,5.125172926632414416e+00,3.745837410076803486e+00
4.272399999999999665e+01,6.970799999999999663e+00,2.747762107849121094e+01,4.161520481109619141e+00,nan,nan,6.660908732247548869e+00,4.182257129398832873e+00,2.480340917690939229e+00
1.796300000000000097e+01,2.799900000000000055e+00,2.746801185607910156e+01,4.155282020568847656e+00,nan,nan,5.690596375298696330e+00,3.739454580990325017e+00,1.951191504582113545e+00
4.794299999999999784e+00,5.213599999999996015e-01,2.742211914062500000e+01,4.135824680328369141e+00,nan,nan,7.973357710671621135e+00,5.052141501156340198e+00,2.929459889515585225e+00
2.494300000000000139e+01,4.093600000000000350e+00,2.736915779113769531e+01,4.150466442108154297e+00,nan,nan,5.267300042939382365e+00,3.476718320099364323e+00,1.790583987816519063e+00
5.134199999999999875e+01,9.307199999999999918e+00,2.835168075561523438e+01,4.496150016784667969e+00,nan,nan,8.778996023965078166e+00,5.092556549755583362e+00,3.756522615536398213e+00
4.399800000000000466e+01,6.661800000000000388e+00,3.544736099243164062e+01,6.062027931213378906e+00,nan,nan,5.563105616402822307e+00,3.707030369488249821e+00,1.864290018662161152e+00
1.893400000000000105e+01,2.973700000000000010e+00,2.743043518066406250e+01,4.145349979400634766e+00,nan,nan,5.593560013604360392e+00,3.683004929272185368e+00,1.910740633591360371e+00
4.976400000000001711e+00,6.758399999999995522e-01,2.721923255920410156e+01,4.067145824432373047e+00,nan,nan,7.761336836648183635e+00,4.994668556896696643e+00,2.788775046452230733e+00
2.510500000000000043e+01,4.170899999999999608e+00,2.674299812316894531e+01,4.107156753540039062e+00,nan,nan,5.261208329034047892e+00,3.469299389568816228e+00,1.791902800186819356e+00
4.897500000000000142e+01,8.708600000000000563e+00,4.388418197631835938e+01,8.487657546997070312e+00,nan,nan,5.467885885071950725e+00,3.591867579666625065e+00,1.882694621666616719e+00
4.405899999999999750e+01,6.681099999999999817e+00,5.035328292846679688e+01,8.740228652954101562e+00,nan,nan,5.786196980309682658e+00,3.638734533039580388e+00,2.180744608029073994e+00
1.927799999999999869e+01,3.336999999999999744e+00,2.704713821411132812e+01,4.059684753417968750e+00,nan,nan,5.485122713875966838e+00,3.647365285603056950e+00,1.838310976608938496e+00
6.250800000000001688e+00,2.896399999999994535e-01,2.593413925170898438e+01,3.713100194931030273e+00,nan,nan,7.392329726052480510e+00,4.652173830715666369e+00,2.795909245594686787e+00
2.451800000000000068e+01,3.784699999999999953e+00,2.428987693786621094e+01,3.632000446319580078e+00,nan,nan,5.273720536065297892e+00,3.471301330772887273e+00,1.802638252361959736e+00
5.068699999999999761e+01,8.928499999999999659e+00,2.971950531005859375e+01,4.999063014984130859e+00,nan,nan,7.776362452340322307e+00,4.806614710537443713e+00,3.074964960201925557e+00
4.527300000000000324e+01,7.588699999999999335e+00,3.018291664123535156e+01,4.963712692260742188e+00,nan,nan,6.512569699120717814e+00,4.163312031475554065e+00,2.390176256283468526e+00
1.996599999999999753e+01,3.186100000000000154e+00,2.585347747802734375e+01,3.797037601470947266e+00,nan,nan,5.401766571831899455e+00,3.571831895557890935e+00,1.830991168602651875e+00
5.704599999999999227e+00,-7.723899999999961352e-02,2.706561279296875000e+01,4.019963264465332031e+00,nan,nan,8.080001387429433635e+00,4.873667313305388049e+00,3.239751537426657002e+00
2.142300000000000182e+01,3.514400000000000190e+00,2.732348442077636719e+01,4.110392570495605469e+00,nan,nan,5.392001185250478557e+00,3.567552639690886540e+00,1.824963589295095723e+00
5.213100000000000023e+01,9.075499999999999901e+00,2.773123168945312500e+01,4.308249473571777344e+00,nan,nan,9.025511298012929728e+00,5.309077336040983752e+00,3.746037204846090596e+00
4.770000000000000284e+01,8.109999999999999432e+00,2.746982002258300781e+01,4.156744956970214844e+00,nan,nan,7.890144381356435588e+00,4.733308865276823596e+00,3.157462556942648213e+00
1.948099999999999810e+01,2.819199999999999484e+00,2.745975875854492188e+01,4.151121139526367188e+00,nan,nan,5.602261814904409221e+00,3.656353427616606755e+00,1.946116645916647236e+00
2.306100000000000705e+00,-2.510199999999995768e-01,2.746897125244140625e+01,4.155938625335693359e+00,nan,nan,8.921313795876699260e+00,5.431148125378141955e+00,3.490238149746603291e+00
1.796300000000000097e+01,3.746100000000000207e+00,2.746898460388183594e+01,4.155967235565185547e+00,nan,nan,5.544435295891958049e+00,3.739506437031279606e+00,1.804933269604391377e+00
4.466600000000000392e+01,8.708600000000000563e+00,2.746898841857910156e+01,4.155981540679931641e+00,nan,nan,7.983990702462392619e+00,4.379557325092802600e+00,3.604490955456442158e+00
4.751800000000000068e+01,7.743199999999999861e+00,2.746898460388183594e+01,4.155971050262451172e+00,nan,nan,7.627195391488271525e+00,4.710603787151823596e+00,2.916637857540792744e+00
1.929899999999999949e+01,3.359900000000000109e+00,2.746898269653320312e+01,4.155962467193603516e+00,nan,nan,5.511607084107595256e+00,3.665910197941313786e+00,1.845702548607534688e+00
7.508899999999982811e-01,6.932000000000000384e-01,2.746898460388183594e+01,4.155967235565185547e+00,nan,nan,8.522380862069326213e+00,5.682601525036345080e+00,2.839840491398519795e+00
1.602100000000000080e+01,1.853699999999999903e+00,2.746898460388183594e+01,4.155967235565185547e+00,nan,nan,6.120520863366323283e+00,3.866324617115508122e+00,2.254208882435507100e+00
3.938599999999999568e+01,7.028699999999999726e+00,2.746898460388183594e+01,4.155967712402343750e+00,nan,nan,6.413080725503164103e+00,3.900486542431365056e+00,2.512610991581625264e+00
2.457800000000000296e+01,6.777700000000000280e+00,2.746898078918457031e+01,4.155959129333496094e+00,nan,nan,5.875834259820180705e+00,3.483936681000243230e+00,2.391893823727316182e+00
1.960200000000000031e+01,3.881200000000000205e+00,2.746898269653320312e+01,4.155961036682128906e+00,nan,nan,5.447598609757619670e+00,3.650766565052519841e+00,1.796836097820944111e+00
6.675600000000017076e-01,1.119999999999999662e+00,2.746898651123046875e+01,4.155968189239501953e+00,nan,nan,8.293501410317617228e+00,5.696500136105070666e+00,2.597051580532736104e+00
1.620400000000000063e+01,3.050899999999999945e+00,2.746898460388183594e+01,4.155967235565185547e+00,nan,nan,5.750491413903432658e+00,3.853370978085051579e+00,1.897127767189688008e+00
3.932500000000000284e+01,7.936300000000000132e+00,2.746898460388183594e+01,4.155967712402343750e+00,nan,nan,6.937118325066762736e+00,3.895967199055205388e+00,3.041173894985861104e+00
3.331700000000000017e+01,7.241100000000000314e+00,2.746896934509277344e+01,4.155959129333496094e+00,nan,nan,6.187844786477285197e+00,3.564477993694792790e+00,2.623372753246969502e+00
1.626399999999999935e+01,2.838499999999999801e+00,2.746897697448730469e+01,4.155953407287597656e+00,nan,nan,5.791327986550527385e+00,3.849168850628386540e+00,1.942166646107382100e+00
3.586400000000001143e+00,5.903999999999998138e-01,2.746898460388183594e+01,4.155967235565185547e+00,nan,nan,8.138488802743154338e+00,5.235458447186003283e+00,2.903084118946737568e+00
2.166499999999999915e+01,3.456399999999999917e+00,2.746901130676269531e+01,4.155998229980468750e+00,nan,nan,5.396161470246511271e+00,3.562923802582274480e+00,1.833243687733358662e+00
4.539399999999999835e+01,8.863099999999999312e+00,2.746906471252441406e+01,4.156143665313720703e+00,nan,nan,8.188430342507558635e+00,4.459231211391935901e+00,3.729343612774557393e+00
3.865800000000000125e+01,7.067299999999999471e+00,2.746898651123046875e+01,4.155980110168457031e+00,nan,nan,6.380192074608999064e+00,3.848063184467803044e+00,2.532146771534628193e+00
1.703099999999999881e+01,2.790599999999999969e+00,2.746891212463378906e+01,4.155876159667968750e+00,nan,nan,5.750849280190664103e+00,3.797430350033293767e+00,1.953428168877310078e+00
6.372199999999999420e+00,7.337699999999998113e-01,2.746887016296386719e+01,4.155828475952148438e+00,nan,nan,7.660098109078603557e+00,4.844940973965178088e+00,2.815228899105734151e+00
1.055999999999999872e+01,1.370999999999999996e+00,2.746364593505859375e+01,4.152862548828125000e+00,nan,nan,6.814934048485952189e+00,4.348318053928862170e+00,2.467386444195455830e+00
3.768699999999999761e+01,6.179100000000000037e+00,2.939022254943847656e+01,4.691241264343261719e+00,nan,nan,5.666204485726552775e+00,3.678539468494902653e+00,1.995522459133810322e+00
5.152399999999999380e+01,7.723900000000000432e+00,2.769333267211914062e+01,4.258958339691162109e+00,nan,nan,8.020115408730703166e+00,5.221758915630827502e+00,2.827549656017965596e+00
3.465299999999999869e+01,5.310200000000000031e+00,2.749508285522460938e+01,4.168107986450195312e+00,nan,nan,5.523320469689565471e+00,3.617825342861662907e+00,1.905933399780935567e+00
8.438199999999998369e+00,6.399800000000004374e-01,2.726111412048339844e+01,4.081759929656982422e+00,nan,nan,7.363813671899038127e+00,4.559697343555937366e+00,2.819866378887838643e+00
1.031700000000000017e+01,1.332399999999999807e+00,2.739384651184082031e+01,4.124361515045166016e+00,nan,nan,6.829012904000478557e+00,4.365858151165495471e+00,2.470739324673361104e+00
3.857300000000000040e+01,5.976099999999999746e+00,2.766363906860351562e+01,4.264560699462890625e+00,nan,nan,5.876837048363881877e+00,3.829221202579985661e+00,2.051206668003744404e+00
5.492199999999999704e+01,8.399699999999999278e+00,2.758325386047363281e+01,4.215451717376708984e+00,nan,nan,9.061910185647207072e+00,5.782436444012175158e+00,3.304825027569479268e+00
3.701899999999999835e+01,5.754299999999999748e+00,2.747135543823242188e+01,4.157444477081298828e+00,nan,nan,5.755488667321401408e+00,3.742003990856658024e+00,2.013580043896383565e+00
6.033400000000000318e+00,5.670700000000006291e-01,2.742251396179199219e+01,4.136383056640625000e+00,nan,nan,7.776859316659169963e+00,4.882498575893889026e+00,2.901586373432821553e+00
9.588599999999999568e+00,1.042699999999999960e+00,2.746854019165039062e+01,4.155590534210205078e+00,nan,nan,7.092251572442251017e+00,4.454197837559233264e+00,2.638269146069235127e+00
3.727100000000000080e+01,6.170700000000000074e+00,2.747440719604492188e+01,4.160288810729980469e+00,nan,nan,5.901013884377675822e+00,3.757025315014372868e+00,2.144284685238546651e+00
5.571100000000000563e+01,8.708600000000000563e+00,2.746934890747070312e+01,4.156440734863281250e+00,nan,nan,9.545847449135976603e+00,5.943485333172331408e+00,3.603123624905294697e+00
3.677700000000000102e+01,6.275599999999999845e+00,2.746909332275390625e+01,4.156089305877685547e+00,nan,nan,5.911344084572988322e+00,3.727901174274931950e+00,2.183459480389303486e+00
7.282499999999998863e+00,3.475700000000001566e-01,2.746897506713867188e+01,4.155940055847167969e+00,nan,nan,7.787594351601796916e+00,4.727837397305021838e+00,3.059795578106588643e+00
6.068699999999999761e+00,1.467500000000000249e+00,2.746898460388183594e+01,4.155966281890869141e+00,nan,nan,7.308045658898549846e+00,4.885151221004973010e+00,2.422924836262411397e+00
3.550199999999999534e+01,6.043899999999999828e+00,2.746898460388183594e+01,4.155967235565185547e+00,nan,nan,5.761214051079946330e+00,3.659000946728240056e+00,2.102221091374105733e+00
4.830699999999999505e+01,9.152799999999999159e+00,2.746898651123046875e+01,4.155977249145507812e+00,nan,nan,8.786855254006582072e+00,4.811139418331633166e+00,3.975802620037740986e+00
2.627800000000000225e+01,5.503199999999999648e+00,2.746898651123046875e+01,4.155970573425292969e+00,nan,nan,5.411409768891530803e+00,3.462311042992125554e+00,1.949100931271261494e+00
5.886700000000001154e+00,8.496199999999998198e-01,2.746898078918457031e+01,4.155972957611083984e+00,nan,nan,7.656611475777822307e+00,4.909521414486418323e+00,2.747132142170614522e+00
7.100400000000000489e+00,1.969599999999999795e+00,2.746898460388183594e+01,4.155967235565185547e+00,nan,nan,6.959502014947133830e+00,4.750853373257170276e+00,2.208670337780660908e+00
2.516800000000000281e+01,5.839299999999999713e+00,2.746898460388183594e+01,4.155967235565185547e+00,nan,nan,5.512650999856191447e+00,3.474390281883727116e+00,2.038261135204977315e+00
3.653399999999999892e+01,9.577600000000000335e+00,2.746898460388183594e+01,4.155972480773925781e+00,nan,nan,8.077181849312978557e+00,3.713992430416594548e+00,4.363210161312765401e+00
2.397199999999999775e+01,6.546000000000000263e+00,2.746898460388183594e+01,4.155964851379394531e+00,nan,nan,5.786248478722768596e+00,3.496000780312071843e+00,2.290244062527365010e+00
1.104499999999999815e+01,1.370999999999999996e+00,2.746898460388183594e+01,4.155967235565185547e+00,nan,nan,6.767689976525502971e+00,4.298553182331572131e+00,2.469159801586813252e+00
1.323000000000000043e+01,1.062000000000000277e+00,2.746898460388183594e+01,4.155967235565185547e+00,nan,nan,6.717905077767568400e+00,4.089753104893217639e+00,2.628173430546469014e+00
2.560999999999999943e+01,5.194300000000000139e+00,2.746898460388183594e+01,4.155968189239501953e+00,nan,nan,5.353254470658498576e+00,3.468660189358244939e+00,1.884596903904623311e+00
3.884000000000000341e+01,8.921099999999999142e+00,2.746899604797363281e+01,4.155999660491943359e+00,nan,nan,7.638597998452382853e+00,3.860858871189604802e+00,3.777776916607565205e+00
2.803800000000000026e+01,6.256300000000000416e+00,2.746896743774414062e+01,4.155961513519287109e+00,nan,nan,5.635280880761342814e+00,3.458902372566710515e+00,2.176380236729330342e+00
6.008099999999998886e+00,9.075499999999996348e-01,2.746897888183593750e+01,4.155952453613281250e+00,nan,nan,7.607119116616445353e+00,4.893245293346891955e+00,2.713909705265707295e+00
1.202500000000000036e+01,1.474299999999999500e+00,2.746898460388183594e+01,4.155967235565185547e+00,nan,nan,6.620931896996694377e+00,4.201223565784941272e+00,2.419728954418844502e+00
3.180000000000000071e+01,5.850799999999999557e+00,2.746899032592773438e+01,4.155992031097412109e+00,nan,nan,5.558002147507863810e+00,3.516351713387023015e+00,2.041656454189962666e+00
4.575800000000000267e+01,8.476900000000000546e+00,2.746945953369140625e+01,4.156660556793212891e+00,nan,nan,7.923174414468007853e+00,4.500258757320890979e+00,3.423263033016866963e+00
3.173999999999999844e+01,5.792900000000000382e+00,2.746900367736816406e+01,4.156029701232910156e+00,nan,nan,5.539539847207265666e+00,3.514756633488188786e+00,2.024789054974264424e+00
4.490899999999999892e+00,6.758399999999995522e-01,2.746861839294433594e+01,4.155588150024414062e+00,nan,nan,7.952971491646962932e+00,5.103304220882902698e+00,2.849901397808737080e+00
1.116600000000000037e+01,1.428900000000000059e+00,2.746897697448730469e+01,4.155957698822021484e+00,nan,nan,6.727409396004873088e+00,4.286211325375090198e+00,2.441218574627584736e+00
3.726200000000000045e+01,6.352899999999999991e+00,2.747520828247070312e+01,4.163170814514160156e+00,nan,nan,5.966239723992543986e+00,3.756426884380827946e+00,2.210238535984701436e+00
4.976399999999999579e+01,8.669999999999999929e+00,2.910792160034179688e+01,4.697215080261230469e+00,nan,nan,7.872889551949697307e+00,4.776086165157805041e+00,3.143519600018209736e+00
3.495599999999999596e+01,5.677000000000000490e+00,2.747108459472656250e+01,4.158390998840332031e+00,nan,nan,5.624978575539785197e+00,3.632624222485075993e+00,1.992389400585836690e+00
5.886700000000001154e+00,4.827399999999997249e-01,2.736420440673828125e+01,4.115542888641357422e+00,nan,nan,7.820479426217275432e+00,4.893307043758879260e+00,2.939304073437399190e+00
1.019500000000000028e+01,1.467500000000000249e+00,2.704656028747558594e+01,4.030367374420166016e+00,nan,nan,6.689418587517934611e+00,4.340285493580351428e+00,2.364319999798483174e+00
3.780799999999999983e+01,6.333599999999999675e+00,2.752182579040527344e+01,4.190593719482421875e+00,nan,nan,5.979222569298940471e+00,3.787798835484038396e+00,2.193085034474081318e+00
5.128100000000000591e+01,8.457599999999999341e+00,2.831373023986816406e+01,4.512543678283691406e+00,nan,nan,8.119988474679189494e+00,5.087378575054655627e+00,3.106084068401998799e+00
3.507699999999999818e+01,5.310200000000000031e+00,2.766141700744628906e+01,4.230081558227539062e+00,nan,nan,5.526091966462331584e+00,3.630392028538237614e+00,1.897180874928182881e+00
6.736299999999999955e+00,6.372200000000001197e-01,2.700581932067871094e+01,4.011616706848144531e+00,nan,nan,7.483698162865835002e+00,4.732501103130827502e+00,2.777611454113668721e+00
1.001300000000000168e+01,1.351700000000000124e+00,2.738997459411621094e+01,4.125463962554931641e+00,nan,nan,6.856434616875844767e+00,4.398325754848967151e+00,2.462767799481100361e+00
3.841499999999999915e+01,6.256300000000000416e+00,2.895190429687500000e+01,4.599115371704101562e+00,nan,nan,5.771817478966909221e+00,3.740898443905364079e+00,2.039521296604818623e+00
5.000600000000000023e+01,7.974899999999999878e+00,2.829057502746582031e+01,4.479365348815917969e+00,nan,nan,7.697044405770498088e+00,4.916102720943937854e+00,2.835003097637838643e+00
3.471300000000000097e+01,5.426000000000000156e+00,2.774188995361328125e+01,4.252790927886962891e+00,nan,nan,5.524975809884267619e+00,3.610901130882750554e+00,1.915886958225912373e+00
8.554300000000001347e+00,8.281499999999999417e-01,2.732359886169433594e+01,4.101902484893798828e+00,nan,nan,7.265461001229482463e+00,4.553997351376066760e+00,2.723449905499166768e+00
1.153099999999999881e+01,1.351700000000000124e+00,2.740439033508300781e+01,4.129475593566894531e+00,nan,nan,6.703454766106801799e+00,4.242794110027800158e+00,2.464688618763632100e+00
3.792999999999999972e+01,6.024600000000000399e+00,2.909960556030273438e+01,4.670492172241210938e+00,nan,nan,5.662076744866567424e+00,3.705583883968840642e+00,1.963430841549581807e+00
5.109899999999999665e+01,8.669999999999999929e+00,2.772654151916503906e+01,4.273463726043701172e+00,nan,nan,8.568092379403310588e+00,5.154424740520964221e+00,3.451373060330099385e+00
3.732300000000000040e+01,5.754299999999999748e+00,2.756855583190917969e+01,4.197065830230712891e+00,nan,nan,5.757788214516835978e+00,3.754799915997038884e+00,2.004462082966512959e+00
7.468999999999997641e+00,6.395800000000000374e-01,2.672234344482421875e+01,3.932329893112182617e+00,nan,nan,7.301903996300893596e+00,4.606230570522795276e+00,2.728427131756490986e+00
1.219800000000000040e+01,1.409600000000000186e+00,2.738903617858886719e+01,4.123601913452148438e+00,nan,nan,6.603498253655629924e+00,4.176606728283415393e+00,2.433593233212179463e+00
3.635199999999999676e+01,5.947400000000000020e+00,2.757419586181640625e+01,4.237328052520751953e+00,nan,nan,5.746199641061025432e+00,3.698346091953764958e+00,2.049172838314718526e+00
5.680300000000000438e+01,8.901699999999999946e+00,2.750248908996582031e+01,4.180065631866455078e+00,nan,nan,9.830444369149404338e+00,6.130854202953825549e+00,3.719492633923239033e+00
3.732300000000000040e+01,6.140500000000000291e+00,2.748227500915527344e+01,4.164183616638183594e+00,nan,nan,5.891794237923818400e+00,3.759739352909575505e+00,2.132346113308615010e+00
6.736299999999999955e+00,4.634299999999997866e-01,2.746066856384277344e+01,4.150779247283935547e+00,nan,nan,7.770040545296865275e+00,4.796097113338957385e+00,2.977349002941793721e+00
6.554199999999998028e+00,1.197200000000000042e+00,2.746886444091796875e+01,4.155831813812255859e+00,nan,nan,7.377467427087026408e+00,4.821111036983976916e+00,2.556424339398092549e+00
3.459199999999999875e+01,6.121199999999999974e+00,2.746893501281738281e+01,4.156055450439453125e+00,nan,nan,5.744278225732045939e+00,3.616019679752837224e+00,2.128266890629476826e+00
5.291899999999999693e+01,9.616199999999999193e+00,2.746926879882812500e+01,4.156439781188964844e+00,nan,nan,9.873744520974355510e+00,5.476361586300383166e+00,4.398057420834249776e+00
3.489500000000000313e+01,6.468700000000000117e+00,2.746913719177246094e+01,4.156115055084228516e+00,nan,nan,5.888128552270131877e+00,3.629774643627654118e+00,2.258368690594381611e+00
7.282499999999998863e+00,7.917000000000000703e-01,2.746890068054199219e+01,4.155878543853759766e+00,nan,nan,7.508661064934926799e+00,4.727828337399015979e+00,2.780884345158285420e+00
3.580600000000000449e+00,1.679899999999999949e+00,2.746898651123046875e+01,4.155966281890869141e+00,nan,nan,7.563195261788564494e+00,5.236321760860930041e+00,2.326903899296469014e+00
2.676300000000000168e+01,5.657700000000000173e+00,2.746898460388183594e+01,4.155967235565185547e+00,nan,nan,5.447072300744252971e+00,3.459443940369139714e+00,1.987630446537679951e+00
4.029599999999999937e+01,6.217699999999999783e+00,2.746898460388183594e+01,4.155967235565185547e+00,nan,nan,6.132957730126577189e+00,3.970660878864775700e+00,2.162309368237203877e+00
4.120700000000000074e+01,8.476900000000000546e+00,2.746898460388183594e+01,4.155967235565185547e+00,nan,nan,7.470583710503774455e+00,4.046082212177763537e+00,3.424534757717794697e+00
2.463899999999999935e+01,4.866000000000000547e+00,2.746898460388183594e+01,4.155966758728027344e+00,nan,nan,5.317200217080312541e+00,3.482849134651671452e+00,1.834353883846945088e+00
1.820599999999998886e-01,5.599799999999999223e-01,2.746868133544921875e+01,4.155969142913818359e+00,nan,nan,8.699899229836660197e+00,5.778054072109709338e+00,2.921925266369528096e+00
1.262000000000000099e+01,2.578399999999999803e+00,2.746898460388183594e+01,4.155967235565185547e+00,nan,nan,6.153123411965566447e+00,4.145050956455717639e+00,2.008083780392355244e+00
2.843900000000000006e+01,4.904200000000000337e+00,2.746898460388183594e+01,4.155967712402343750e+00,nan,nan,5.300050053429799846e+00,3.460823907104979558e+00,1.839230139836019795e+00
3.337800000000000011e+01,7.318399999999999572e+00,2.746898460388183594e+01,4.155968189239501953e+00,nan,nan,6.232358965707021525e+00,3.566711439339171452e+00,2.665654976948446553e+00
2.445699999999999719e+01,5.252200000000000202e+00,2.746898460388183594e+01,4.155965805053710938e+00,nan,nan,5.381576571297841838e+00,3.486162616459380192e+00,1.895415742977804463e+00
3.944700000000000983e+00,-2.124100000000002098e-01,2.746898651123046875e+01,4.155967712402343750e+00,nan,nan,8.643066439461904338e+00,5.182522846905241565e+00,3.460615118130392354e+00
1.031700000000000017e+01,1.235800000000000232e+00,2.746898460388183594e+01,4.155967235565185547e+00,nan,nan,6.911382469964223674e+00,4.374730183331022815e+00,2.536677916630453389e+00
3.665500000000000114e+01,6.777700000000000280e+00,2.746898460388183594e+01,4.155968666076660156e+00,nan,nan,6.112753424477773478e+00,3.720874978748808903e+00,2.391890009030050557e+00
4.029599999999999937e+01,7.878300000000000303e+00,2.746898651123046875e+01,4.155980110168457031e+00,nan,nan,6.973702702355581096e+00,3.970660640446196599e+00,3.003070314511007588e+00
2.239400000000000190e+01,4.093600000000000350e+00,2.746897125244140625e+01,4.155948638916015625e+00,nan,nan,5.328720722031789592e+00,3.538155152050505681e+00,1.790569384678549092e+00
4.308800000000001518e+00,1.158599999999996299e-01,2.746898078918457031e+01,4.155954360961914062e+00,nan,nan,8.348487410378652385e+00,5.129549576488981799e+00,3.218995292767233174e+00
1.414000000000000057e+01,2.066100000000000048e+00,2.746898841857910156e+01,4.155972480773925781e+00,nan,nan,6.184113297295766642e+00,4.011570049969206408e+00,2.172557075604147236e+00
4.023599999999999710e+01,7.511400000000000077e+00,2.746948242187500000e+01,4.156789302825927734e+00,nan,nan,6.740700754952626994e+00,3.965836002079497380e+00,2.775008638485616963e+00
4.527300000000000324e+01,7.955599999999999561e+00,2.746922683715820312e+01,4.156334877014160156e+00,nan,nan,7.498867306542592814e+00,4.445735646931181506e+00,3.053364475353903096e+00
2.651999999999999957e+01,4.286699999999999733e+00,2.746878814697265625e+01,4.155874729156494141e+00,nan,nan,5.252695712876516154e+00,3.460790170876036687e+00,1.791910310372061055e+00
4.187400000000000233e+00,1.544800000000003948e-01,2.746394348144531250e+01,4.152904987335205078e+00,nan,nan,8.333140406441884807e+00,5.146235062328825549e+00,3.188360651119894307e+00
1.735699999999999932e+01,2.297800000000000065e+00,2.746903800964355469e+01,4.156038761138916016e+00,nan,nan,5.869048390221792033e+00,3.776560618130217595e+00,2.092506845577902119e+00
4.296699999999999875e+01,7.665900000000000603e+00,2.746905708312988281e+01,4.156137466430664062e+00,nan,nan,7.074734482598501017e+00,4.206433965412626819e+00,2.868391831501669209e+00
4.745799999999999841e+01,7.917000000000000703e+00,2.757172012329101562e+01,4.209889411926269531e+00,nan,nan,7.661878142190175822e+00,4.689047409740934924e+00,2.984417160137838643e+00
2.706699999999999662e+01,4.113000000000000433e+00,2.746948623657226562e+01,4.156450748443603516e+00,nan,nan,5.248934540581899455e+00,3.458408726898680730e+00,1.790530462845510762e+00
4.369499999999998607e+00,5.406699999999999839e-01,2.741351509094238281e+01,4.132795810699462891e+00,nan,nan,8.017543349099355510e+00,5.111141516415129260e+00,2.915312369450277608e+00
1.438299999999999912e+01,2.220600000000000129e+00,2.724650001525878906e+01,4.101921081542968750e+00,nan,nan,6.072344813180166057e+00,3.973641111103545231e+00,2.100928028210348408e+00
4.327000000000000313e+01,7.955599999999999561e+00,2.869982147216796875e+01,4.550794601440429688e+00,nan,nan,6.878479037118154338e+00,4.118019177166472033e+00,2.789396246060079854e+00
4.527300000000000324e+01,7.395599999999999952e+00,2.751879882812500000e+01,4.185060024261474609e+00,nan,nan,7.117034468484121135e+00,4.439485384670744494e+00,2.686734517201132100e+00
2.755199999999999960e+01,4.537799999999999834e+00,2.747953033447265625e+01,4.161562442779541016e+00,nan,nan,5.261784825158315471e+00,3.458069338051329655e+00,1.803722818478292744e+00
5.583200000000001495e+00,6.565300000000000580e-01,2.746846199035644531e+01,4.155408859252929688e+00,nan,nan,7.811504397225576213e+00,4.950555874554167346e+00,2.861341555699056904e+00
1.577900000000000169e+01,2.433000000000000274e+00,2.746748542785644531e+01,4.155056476593017578e+00,nan,nan,5.933502707314687541e+00,3.883669449535857243e+00,2.049925883396810811e+00
4.205600000000000449e+01,7.453500000000000014e+00,2.770274925231933594e+01,4.245199203491210938e+00,nan,nan,6.776396307778554728e+00,4.099581553188810901e+00,2.686387379749960225e+00
4.424100000000000676e+01,7.723900000000000432e+00,2.746954727172851562e+01,4.156524658203125000e+00,nan,nan,7.237729105782705119e+00,4.334492279736052112e+00,2.903667767628378193e+00
2.961499999999999844e+01,4.653599999999999959e+00,2.747024154663085938e+01,4.156812667846679688e+00,nan,nan,5.284372839760976603e+00,3.472258402554045720e+00,1.812125404461569111e+00
5.461899999999999977e+00,6.179100000000006254e-01,2.746518325805664062e+01,4.153321266174316406e+00,nan,nan,7.847703013253408244e+00,4.966550900188932971e+00,2.882881839855856221e+00
1.559700000000000131e+01,2.008199999999999985e+00,2.746479797363281250e+01,4.153063297271728516e+00,nan,nan,6.089515957665639689e+00,3.896841360775481267e+00,2.193158705815023701e+00
4.442300000000000182e+01,7.414900000000000269e+00,2.785974311828613281e+01,4.310521125793457031e+00,nan,nan,6.921971831155019572e+00,4.311191393581877307e+00,2.627254684551901143e+00
5.055300000000000438e+01,8.052099999999999369e+00,2.782088661193847656e+01,4.285441875457763672e+00,nan,nan,8.057094607186513713e+00,5.062700583187590198e+00,3.019715269192404072e+00
2.870499999999999829e+01,4.557100000000000151e+00,2.746667480468750000e+01,4.155194282531738281e+00,nan,nan,5.267078552079397014e+00,3.462683035580168767e+00,1.804400940521902363e+00
2.670200000000001239e+00,-4.441199999999998482e-01,2.743231391906738281e+01,4.140604496002197266e+00,nan,nan,8.982883009743886760e+00,5.367430998531828479e+00,3.623760660275167744e+00
1.323000000000000043e+01,2.239900000000000002e+00,2.746886062622070312e+01,4.155838966369628906e+00,nan,nan,6.201303038430410197e+00,4.089742256847868518e+00,2.111586053951925557e+00
4.327000000000000313e+01,7.492099999999999760e+00,2.747607612609863281e+01,4.161460876464843750e+00,nan,nan,6.994339737725454142e+00,4.235258056370268420e+00,2.760174949749655049e+00
5.334399999999999409e+01,8.361100000000000421e+00,2.746903038024902344e+01,4.156060695648193359e+00,nan,nan,8.882142577004628947e+00,5.544395758358488635e+00,3.337926347836202901e+00
2.882699999999999818e+01,4.634299999999999642e+00,2.746895790100097656e+01,4.155937194824218750e+00,nan,nan,5.273895296883779338e+00,3.463638855663786931e+00,1.810260553940481465e+00
-1.699200000000001154e+00,-5.020499999999996632e-01,2.746898460388183594e+01,4.155967235565185547e+00,nan,nan,9.798667940926748088e+00,6.109322382656584338e+00,3.689460237606710713e+00
1.122700000000000031e+01,2.741999999999999993e+00,2.746898460388183594e+01,4.155967235565185547e+00,nan,nan,6.245256695580678752e+00,4.280025078503141955e+00,1.965242226704305928e+00
4.181399999999999295e+01,6.430100000000000371e+00,2.746898460388183594e+01,4.155967712402343750e+00,nan,nan,6.342114720177846721e+00,4.099206997601042346e+00,2.242923458203024190e+00
4.411999999999999744e+01,7.858999999999999986e+00,2.746898460388183594e+01,4.155967235565185547e+00,nan,nan,7.312464747262197307e+00,4.321962429729948596e+00,2.990538318737692158e+00
2.476000000000000156e+01,4.479800000000000004e+00,2.746894264221191406e+01,4.155930042266845703e+00,nan,nan,5.280172858071523478e+00,3.480759276596556706e+00,1.799417157753652852e+00
2.002300000000012403e-01,4.054999999999999716e-01,2.746898460388183594e+01,4.155973434448242188e+00,nan,nan,8.796624693703847697e+00,5.775236918179045276e+00,3.021461685284323018e+00
1.435900000000000176e+01,3.061999999999999833e+00,2.746898460388183594e+01,4.155967235565185547e+00,nan,nan,5.888508114648061564e+00,3.993525220600615544e+00,1.894990463837332051e+00
2.834099999999999753e+01,4.904600000000000293e+00,2.746898460388183594e+01,4.155967235565185547e+00,nan,nan,5.299539599251943400e+00,3.460261239258299870e+00,1.839282234295553486e+00
3.823300000000000409e+01,8.766600000000000392e+00,2.746898460388183594e+01,4.155968189239501953e+00,nan,nan,7.469988617730336955e+00,3.818986250607024235e+00,3.651026447399801533e+00
2.224099999999999966e+01,5.091599999999999682e+00,2.746898460388183594e+01,4.155965328216552734e+00,nan,nan,5.409919295144277385e+00,3.543068482128630681e+00,1.866851885899252217e+00
4.672900000000002052e+00,5.986000000000002430e-01,2.746898651123046875e+01,4.155968189239501953e+00,nan,nan,7.975323710274892619e+00,5.077403380123625354e+00,2.897970636471456807e+00
9.892099999999999227e+00,1.815100000000000158e+00,2.746898460388183594e+01,4.155967235565185547e+00,nan,nan,6.690595183205800822e+00,4.420718027798185901e+00,2.269897420986837666e+00
3.477400000000000091e+01,6.835599999999999454e+00,2.746898460388183594e+01,4.155967235565185547e+00,nan,nan,6.042951855492788127e+00,3.624201490131865544e+00,2.418759425266927998e+00
3.780799999999999983e+01,7.878300000000000303e+00,2.746899986267089844e+01,4.156004905700683594e+00,nan,nan,6.794050965142446330e+00,3.791034175602446599e+00,3.003043373211569111e+00
2.269699999999999918e+01,4.557100000000000151e+00,2.746898269653320312e+01,4.155961513519287109e+00,nan,nan,5.333164844346242717e+00,3.528857304302702946e+00,1.804310520275778096e+00
5.826000000000000512e+00,3.089499999999998359e-01,2.746898460388183594e+01,4.155966758728027344e+00,nan,nan,8.003356966805654338e+00,4.917707516399870471e+00,3.085700948818868916e+00
1.517200000000000060e+01,2.027499999999999858e+00,2.746898460388183594e+01,4.155967235565185547e+00,nan,nan,6.115940127206044963e+00,3.929151488987456364e+00,2.186801512821859639e+00
3.641199999999999903e+01,7.607999999999999652e+00,2.746898841857910156e+01,4.155985355377197266e+00,nan,nan,6.540447983575063517e+00,3.707145406452666325e+00,2.833319266422933858e+00
4.205600000000000449e+01,7.704500000000000348e+00,2.746899986267089844e+01,4.156009197235107422e+00,nan,nan,7.013412031960683635e+00,4.121025754658232287e+00,2.892427285298055928e+00
2.506400000000000006e+01,4.537799999999999834e+00,2.746897125244140625e+01,4.155958652496337891e+00,nan,nan,5.278914842438894084e+00,3.475916876045714421e+00,1.803001661881155293e+00
2.852299999999999613e+00,4.827399999999997249e-01,2.746881103515625000e+01,4.155784130096435547e+00,nan,nan,8.317317995858388713e+00,5.346386505810270862e+00,2.971058090313619893e+00
1.565700000000000003e+01,2.181999999999999940e+00,2.746898460388183594e+01,4.155968666076660156e+00,nan,nan,6.024018559289174846e+00,3.892710878101836247e+00,2.131319721325582783e+00
4.296699999999999875e+01,7.723900000000000432e+00,2.746898841857910156e+01,4.155988216400146484e+00,nan,nan,7.110939774346547892e+00,4.206441475597868518e+00,2.904535849674886983e+00
4.642600000000000193e+01,7.820399999999999352e+00,2.750391197204589844e+01,4.174575328826904297e+00,nan,nan,7.520085606408315471e+00,4.573350025860319690e+00,2.950729449375814717e+00
2.664199999999999946e+01,4.653599999999999959e+00,2.746901512145996094e+01,4.156097888946533203e+00,nan,nan,5.271964583230214885e+00,3.460031642166625065e+00,1.811936755760855000e+00
2.075499999999999901e+01,2.490899999999999892e+00,2.746861076354980469e+01,4.155643463134765625e+00,nan,nan,5.631419215035634807e+00,3.598482562748442692e+00,2.032944520100302022e+00
1.450400000000000134e+01,1.564099999999999824e+00,2.746438026428222656e+01,4.152311801910400391e+00,nan,nan,6.357829603982168010e+00,3.981362654415617985e+00,2.376557787045187276e+00
1.851000000000000156e+01,2.239900000000000002e+00,2.746792793273925781e+01,4.155460357666015625e+00,nan,nan,5.819553170037465861e+00,3.708056284634123845e+00,2.111510356053060811e+00
3.325699999999999790e+01,4.730900000000000105e+00,2.746896553039550781e+01,4.155984878540039062e+00,nan,nan,5.381482872796254924e+00,3.562303199020873112e+00,1.819183846100515645e+00
4.345199999999999818e+01,6.700400000000000134e+00,2.746903991699218750e+01,4.156051635742187500e+00,nan,nan,6.610862526726918986e+00,4.254018379894743518e+00,2.356890876873678486e+00
4.126699999999999591e+01,6.063200000000000145e+00,2.746891403198242188e+01,4.155794143676757812e+00,nan,nan,6.159923586678701213e+00,4.051237298695097522e+00,2.108696659191793721e+00
3.149699999999999989e+01,3.997100000000000097e+00,2.746890258789062500e+01,4.155854701995849609e+00,nan,nan,5.300948414635854533e+00,3.508461369720946355e+00,1.792490263565725606e+00
1.802400000000000091e+01,1.428900000000000059e+00,2.746808052062988281e+01,4.155893802642822266e+00,nan,nan,6.177020582986074260e+00,3.735960437504302067e+00,2.441079695805258076e+00
1.225900000000000034e+01,6.951499999999999346e-01,2.746896743774414062e+01,4.156041145324707031e+00,nan,nan,7.017365488839345744e+00,4.178845478741179065e+00,2.838538010700887959e+00
1.942000000000000171e+01,2.471600000000000019e+00,2.717838096618652344e+01,4.045822620391845703e+00,nan,nan,5.654905829262929728e+00,3.646481467930327458e+00,2.009475072010702412e+00
2.943300000000000338e+01,4.402599999999999625e+00,2.738507080078125000e+01,4.115414142608642578e+00,nan,nan,5.270798716378408244e+00,3.471380247322569890e+00,1.799469192608541768e+00
3.210399999999999920e+01,4.904600000000000293e+00,2.746907424926757812e+01,4.156049728393554688e+00,nan,nan,5.365240249467092326e+00,3.525289429871092839e+00,1.839959939106649678e+00
3.155699999999999861e+01,4.769499999999999851e+00,2.746862602233886719e+01,4.155634403228759766e+00,nan,nan,5.333306107354360392e+00,3.510020865646849675e+00,1.823290606125540059e+00
2.858399999999999963e+01,4.344699999999999562e+00,2.746899986267089844e+01,4.155984401702880859e+00,nan,nan,5.255206379723745158e+00,3.461785151211272282e+00,1.793425460442251484e+00
1.857000000000000028e+01,2.297800000000000065e+00,2.746924400329589844e+01,4.156044960021972656e+00,nan,nan,5.797262701821523478e+00,3.704724981037627263e+00,2.092547972782797139e+00
1.444400000000000084e+01,1.235800000000000232e+00,2.746903610229492188e+01,4.155976772308349609e+00,nan,nan,6.523181471657949260e+00,3.986600949017058415e+00,2.536599119290060322e+00
2.281800000000000139e+01,2.433000000000000274e+00,2.746898841857910156e+01,4.155916690826416016e+00,nan,nan,5.575418386292653850e+00,3.525315298286925358e+00,2.050107319935507100e+00
3.180000000000000071e+01,4.228799999999999670e+00,2.746849822998046875e+01,4.152503013610839844e+00,nan,nan,5.308204088044362834e+00,3.516720487324248356e+00,1.791491110905355733e+00
3.641199999999999903e+01,5.174999999999999822e+00,2.746898460388183594e+01,4.155945777893066406e+00,nan,nan,5.588277611565786174e+00,3.707146121708403630e+00,1.881136198624319356e+00
3.252799999999999869e+01,4.672900000000000276e+00,2.746920394897460938e+01,4.156066894531250000e+00,nan,nan,5.352207813096242717e+00,3.538047208038817448e+00,1.814167459591573994e+00
2.348600000000000065e+01,2.935099999999999820e+00,2.746899032592773438e+01,4.155969619750976562e+00,nan,nan,5.428042921853261760e+00,3.507331682888518376e+00,1.920716424568838399e+00
1.323000000000000043e+01,1.602700000000000014e+00,2.746868133544921875e+01,4.155576229095458984e+00,nan,nan,6.450383219552236369e+00,4.089723302570829944e+00,2.360699136837667744e+00
1.304800000000000004e+01,1.409600000000000186e+00,2.746876907348632812e+01,4.155590057373046875e+00,nan,nan,6.556187662911611369e+00,4.105989767757902698e+00,2.450241764172262471e+00
2.409300000000000352e+01,3.688099999999999934e+00,2.746882820129394531e+01,4.155740261077880859e+00,nan,nan,5.302878532242971232e+00,3.493420972076903386e+00,1.809462328537649434e+00
3.701899999999999835e+01,5.735000000000000320e+00,2.746904373168945312e+01,4.156054019927978516e+00,nan,nan,5.750831637215810588e+00,3.742212726322661442e+00,2.008628805264181416e+00
4.217800000000000438e+01,6.681099999999999817e+00,2.747215461730957031e+01,4.156561374664306641e+00,nan,nan,6.479814801049428752e+00,4.131791187969694690e+00,2.348062952145284932e+00
3.622999999999999687e+01,5.290799999999999947e+00,2.746899414062500000e+01,4.155968666076660156e+00,nan,nan,5.600149903130727580e+00,3.697123958317290349e+00,1.903031786068624776e+00
2.257600000000000051e+01,2.201299999999999812e+00,2.746792602539062500e+01,4.154066562652587891e+00,nan,nan,5.656614098382192424e+00,3.532473935333739323e+00,2.124161561115927022e+00
1.122700000000000031e+01,-5.792900000000003047e-01,2.746674537658691406e+01,4.152302742004394531e+00,nan,nan,8.027769121957021525e+00,4.279795839039335803e+00,3.748318155392355244e+00
1.389700000000000024e+01,5.406699999999999839e-01,2.746895408630371094e+01,4.155853271484375000e+00,nan,nan,6.966146025490957072e+00,4.031939937321196155e+00,2.934222300633138936e+00
2.900900000000000034e+01,3.919900000000000162e+00,2.746898841857910156e+01,4.155974388122558594e+00,nan,nan,5.260409388375478557e+00,3.465286447254668278e+00,1.795126636608785908e+00
3.525900000000000034e+01,5.252200000000000202e+00,2.746899795532226562e+01,4.155978679656982422e+00,nan,nan,5.542464647126394084e+00,3.647025777546416325e+00,1.895444651230520527e+00
3.216400000000000148e+01,4.672900000000000276e+00,2.746896362304687500e+01,4.155919551849365234e+00,nan,nan,5.340262327027517131e+00,3.526604367939482731e+00,1.813662250622457783e+00
2.688500000000000156e+01,3.842600000000000016e+00,2.746717643737792969e+01,4.154237270355224609e+00,nan,nan,5.257950100732045939e+00,3.458984150139342351e+00,1.798970599754995625e+00
2.026999999999999957e+01,2.741999999999999993e+00,2.746795845031738281e+01,4.154915809631347656e+00,nan,nan,5.584445748162465861e+00,3.619369758812438054e+00,1.965095241650289815e+00
1.668900000000000006e+01,1.873000000000000220e+00,2.746885108947753906e+01,4.155774593353271484e+00,nan,nan,6.066453490090566447e+00,3.820063664165984196e+00,2.246402223690695088e+00
2.469999999999999929e+01,3.205400000000000027e+00,2.746916580200195312e+01,4.156127929687500000e+00,nan,nan,5.351602825951772502e+00,3.482003463951598210e+00,1.869605680092520039e+00
3.665500000000000114e+01,5.387400000000000411e+00,2.764900398254394531e+01,4.190836906433105469e+00,nan,nan,5.627317938637929728e+00,3.711363627163420720e+00,1.916247089489645283e+00
4.029599999999999937e+01,6.198400000000000354e+00,2.752417373657226562e+01,4.172971248626708984e+00,nan,nan,6.115112576317983439e+00,3.966287447659026189e+00,2.149575312718099873e+00
3.683699999999999619e+01,5.290799999999999947e+00,2.747074890136718750e+01,4.157071590423583984e+00,nan,nan,5.634096417260366252e+00,3.731306864468108220e+00,1.902836461647695820e+00
2.548900000000000077e+01,3.031600000000000072e+00,2.746856117248535156e+01,4.155729293823242188e+00,nan,nan,5.371222767663198283e+00,3.470198287216673894e+00,1.901031931027120869e+00
1.499000000000000021e+01,1.255100000000000104e+00,2.746615600585937500e+01,4.154114723205566406e+00,nan,nan,6.468627247643667033e+00,3.942986442295561833e+00,2.525793154820150654e+00
1.365499999999999936e+01,1.370999999999999996e+00,2.701253318786621094e+01,3.985830307006835938e+00,nan,nan,6.397494826150136760e+00,4.013938619343290881e+00,2.388254364117330830e+00
2.275800000000000267e+01,2.915799999999999947e+00,2.746625709533691406e+01,4.153713703155517578e+00,nan,nan,5.451565894913869670e+00,3.526988519875060124e+00,1.924605031593984883e+00
3.295300000000000296e+01,4.730900000000000105e+00,2.746893882751464844e+01,4.155940055847167969e+00,nan,nan,5.370797071290212443e+00,3.551625682560454411e+00,1.819175680264181416e+00
3.884000000000000341e+01,5.947400000000000020e+00,2.746907424926757812e+01,4.156007289886474609e+00,nan,nan,5.932012114358144572e+00,3.860857559887419743e+00,2.071165283306783955e+00
3.720100000000000051e+01,5.599800000000000111e+00,2.746897697448730469e+01,4.155972003936767578e+00,nan,nan,5.725771460366445353e+00,3.753067447391997380e+00,1.972711523159689229e+00
2.342500000000000071e+01,3.031600000000000072e+00,2.746898269653320312e+01,4.155943870544433594e+00,nan,nan,5.409752402138906291e+00,3.508856727329741521e+00,1.900900204762167256e+00
1.262300000000000111e+01,3.861900000000004773e-01,2.746805000305175781e+01,4.154122352600097656e+00,nan,nan,7.176978859734731486e+00,4.144685818401823596e+00,3.032426555737203877e+00
1.547499999999999964e+01,1.737899999999998890e-01,2.746880531311035156e+01,4.155486106872558594e+00,nan,nan,7.083891663384633830e+00,3.906200362888823552e+00,3.177724798306173604e+00
2.724900000000000233e+01,3.437100000000000044e+00,2.746900177001953125e+01,4.155964374542236328e+00,nan,nan,5.293594035935598185e+00,3.458064390865813298e+00,1.835533459767050068e+00
3.538100000000000023e+01,5.503199999999999648e+00,2.746900558471679688e+01,4.155978202819824219e+00,nan,nan,5.602148804497915080e+00,3.653002454487334294e+00,1.949152846916860859e+00
3.386400000000000432e+01,5.348799999999999777e+00,2.746798133850097656e+01,4.154855251312255859e+00,nan,nan,5.500913295579152873e+00,3.585628463474761052e+00,1.915296037777609151e+00
2.567099999999999937e+01,3.823300000000000143e+00,2.746860694885253906e+01,4.155403614044189453e+00,nan,nan,5.267997655701833537e+00,3.467965020386229558e+00,1.800037403687185567e+00
1.741700000000000159e+01,2.548900000000000166e+00,2.746744918823242188e+01,4.154187202453613281e+00,nan,nan,5.788610968423085978e+00,3.772692753521452946e+00,2.015969474896139424e+00
1.407900000000000063e+01,1.641300000000000203e+00,2.746898651123046875e+01,4.155961513519287109e+00,nan,nan,6.360373291802602580e+00,4.016639663425932483e+00,2.343749721630758565e+00
2.251500000000000057e+01,2.819199999999999484e+00,2.746811676025390625e+01,4.156028747558593750e+00,nan,nan,5.484021220040517619e+00,3.535930706707488103e+00,1.948111434563345234e+00
3.592699999999999960e+01,5.271499999999999631e+00,2.746896743774414062e+01,4.155975341796875000e+00,nan,nan,5.580024752450185588e+00,3.680848194805632634e+00,1.899182398899740498e+00
4.102499999999999858e+01,6.256300000000000416e+00,2.746902847290039062e+01,4.155966281890869141e+00,nan,nan,6.206982645821767619e+00,4.030587031094084338e+00,2.176408846958822529e+00
3.604800000000000182e+01,5.252200000000000202e+00,2.746822547912597656e+01,4.153985023498535156e+00,nan,nan,5.583412203622060588e+00,3.687328769413481755e+00,1.896100302323049824e+00
2.573099999999999810e+01,2.529599999999999849e+00,2.746912574768066406e+01,4.155791759490966797e+00,nan,nan,5.489145192933278850e+00,3.467363073078642888e+00,2.021784861668295186e+00
1.347299999999999898e+01,4.054999999999999716e-01,2.746898651123046875e+01,4.155965805053710938e+00,nan,nan,7.089822087121206096e+00,4.068370296207914905e+00,3.021476228817648213e+00
1.189499999999999957e+01,9.075499999999996348e-01,2.746900749206542969e+01,4.155985832214355469e+00,nan,nan,6.927614722085195353e+00,4.213778211323271350e+00,2.713863809689230244e+00
2.227199999999999847e+01,3.263300000000000090e+00,2.746856117248535156e+01,4.155479431152343750e+00,nan,nan,5.402181539368825725e+00,3.542129530159483952e+00,1.860058386906332295e+00
3.149699999999999989e+01,4.866000000000000547e+00,2.746777915954589844e+01,4.154533863067626953e+00,nan,nan,5.343416843247609904e+00,3.508615209309111638e+00,1.834811587914175313e+00
3.216400000000000148e+01,5.329500000000000348e+00,2.746877861022949219e+01,4.155665874481201172e+00,nan,nan,5.437504443955617717e+00,3.526609076706419987e+00,1.910901864155477803e+00
3.513800000000000523e+01,5.348799999999999777e+00,2.746883201599121094e+01,4.155746936798095703e+00,nan,nan,5.556044730973439982e+00,3.641197039333830876e+00,1.914855619057363789e+00
3.301400000000000290e+01,5.271499999999999631e+00,2.746806716918945312e+01,4.154987812042236328e+00,nan,nan,5.453215513062673381e+00,3.553765310493956608e+00,1.899463673218435567e+00
2.797699999999999676e+01,3.939200000000000035e+00,2.746892166137695312e+01,4.155870437622070312e+00,nan,nan,5.253063354325490764e+00,3.458697630611907048e+00,1.794369598015493672e+00
1.753900000000000148e+01,2.085399999999999920e+00,2.746855735778808594e+01,4.155379295349121094e+00,nan,nan,5.930752787423330119e+00,3.765323950497160954e+00,2.165442903622335713e+00
1.753900000000000148e+01,1.815100000000000158e+00,2.746899604797363281e+01,4.155906677246093750e+00,nan,nan,6.035090241265493205e+00,3.765220834461699528e+00,2.269880612477011006e+00
2.858399999999999963e+01,3.591600000000000126e+00,2.751610946655273438e+01,4.164751529693603516e+00,nan,nan,5.280902657342153361e+00,3.461755944935332341e+00,1.819147368057913106e+00
3.968999999999999773e+01,5.483900000000000219e+00,2.748414993286132812e+01,4.159328460693359375e+00,nan,nan,5.866028818917470744e+00,3.922222806660185856e+00,1.943919797524160664e+00
3.884000000000000341e+01,5.426000000000000156e+00,2.746904945373535156e+01,4.156044960021972656e+00,nan,nan,5.792261156869130900e+00,3.860855533329497380e+00,1.931424339398092549e+00
3.173999999999999844e+01,4.093600000000000350e+00,2.746894836425781250e+01,4.155954360961914062e+00,nan,nan,5.305427346062856486e+00,3.514752878395567937e+00,1.790677030667013447e+00
1.972299999999999898e+01,2.278500000000000192e+00,2.746883964538574219e+01,4.155879497528076172e+00,nan,nan,5.743667874169545939e+00,3.644892646519194646e+00,2.098783691509908955e+00
1.195499999999999829e+01,1.100600000000000023e+00,2.746655845642089844e+01,4.153861999511718750e+00,nan,nan,6.813467535805898478e+00,4.207729293552885608e+00,2.606007536038107197e+00
1.523299999999999876e+01,1.873000000000000220e+00,2.746805953979492188e+01,4.155195713043212891e+00,nan,nan,6.170566115212636760e+00,3.924421264378081364e+00,2.246168931111044209e+00
3.095100000000000051e+01,4.460499999999999687e+00,2.746896934509277344e+01,4.155980587005615234e+00,nan,nan,5.294056448769765666e+00,3.495684756485472722e+00,1.798375685795492451e+00
4.260300000000000153e+01,6.546000000000000263e+00,2.746933937072753906e+01,4.156030654907226562e+00,nan,nan,6.461835417580800822e+00,4.171638561932097033e+00,2.290216644390768330e+00
4.284499999999999886e+01,6.487999999999999545e+00,2.746899032592773438e+01,4.155974864959716797e+00,nan,nan,6.460950169396596721e+00,4.194701506344328479e+00,2.266266663654989522e+00
3.137500000000000000e+01,4.190199999999999925e+00,2.746898841857910156e+01,4.155926704406738281e+00,nan,nan,5.295797977280813029e+00,3.505443765369902653e+00,1.790357728584951680e+00
1.844900000000000162e+01,1.004100000000000215e+00,2.746897315979003906e+01,4.155915260314941406e+00,nan,nan,6.371227059197622111e+00,3.711446000782500310e+00,2.659787972553915303e+00
1.043799999999999883e+01,7.723899999999961352e-02,2.746878433227539062e+01,4.155983924865722656e+00,nan,nan,7.607881579232412150e+00,4.361761643139372424e+00,3.246162851437277119e+00
1.942000000000000171e+01,2.297800000000000065e+00,2.746897888183593750e+01,4.156017303466796875e+00,nan,nan,5.752364430260854533e+00,3.659821583477507634e+00,2.092549045666403096e+00
3.131500000000000128e+01,4.923999999999999488e+00,2.745786857604980469e+01,4.149299621582031250e+00,nan,nan,5.347584400010305217e+00,3.504322840420256657e+00,1.843306561096853535e+00
3.368199999999999505e+01,5.290799999999999947e+00,2.746867370605468750e+01,4.155582904815673828e+00,nan,nan,5.481365952325063517e+00,3.578217817989836735e+00,1.903160293682760518e+00
2.864400000000000190e+01,5.001199999999999868e+00,2.746872329711914062e+01,4.155592918395996094e+00,nan,nan,5.315115127396779826e+00,3.462200893608580632e+00,1.852919598206228535e+00
2.530699999999999861e+01,3.881200000000000205e+00,2.746791458129882812e+01,4.154897689819335938e+00,nan,nan,5.269477996659475139e+00,3.472484244553099675e+00,1.796999116524404805e+00
1.802400000000000091e+01,2.220600000000000129e+00,2.746900177001953125e+01,4.155994892120361328e+00,nan,nan,5.854101452660756877e+00,3.735935045925627751e+00,2.118176658734030049e+00
1.596099999999999852e+01,1.757200000000000095e+00,2.746902084350585938e+01,4.156003952026367188e+00,nan,nan,6.164543661904531291e+00,3.870622946468840642e+00,2.293934662922567647e+00
2.664199999999999946e+01,3.205400000000000027e+00,2.746900939941406250e+01,4.155986309051513672e+00,nan,nan,5.329437885117727092e+00,3.460048271862517399e+00,1.869393547161764424e+00
3.465299999999999869e+01,4.904600000000000293e+00,2.746898460388183594e+01,4.155907154083251953e+00,nan,nan,5.458063158822255900e+00,3.618739916531096501e+00,1.839327295407003682e+00
3.610900000000000176e+01,5.155700000000000394e+00,2.746893119812011719e+01,4.154982089996337891e+00,nan,nan,5.568731698823171428e+00,3.690600945202361149e+00,1.878136296852773945e+00
3.143599999999999994e+01,3.977799999999999780e+00,2.746899223327636719e+01,4.155953884124755859e+00,nan,nan,5.299966368508535197e+00,3.506941868511687321e+00,1.793027539833730977e+00
2.208999999999999986e+01,2.471600000000000019e+00,2.746902275085449219e+01,4.155992031097412109e+00,nan,nan,5.586766037774282267e+00,3.548113717285643620e+00,2.038659055813497822e+00
1.304800000000000004e+01,1.119999999999999662e+00,2.746898651123046875e+01,4.155955314636230469e+00,nan,nan,6.703022513222890666e+00,4.106008125988493518e+00,2.597034175976461690e+00
1.505000000000000071e+01,1.776499999999999968e+00,2.746461677551269531e+01,4.152256011962890625e+00,nan,nan,6.222312722039418986e+00,3.938215686527739567e+00,2.284321983441061299e+00
2.372899999999999920e+01,3.746100000000000207e+00,2.746365356445312500e+01,4.150780677795410156e+00,nan,nan,5.306570443940358928e+00,3.501378668991576237e+00,1.805207450970358174e+00
3.362100000000000222e+01,5.406699999999999839e+00,2.746731376647949219e+01,4.154304504394531250e+00,nan,nan,5.503576907944875529e+00,3.575922919956694646e+00,1.927679200752920430e+00
3.999300000000000210e+01,6.352899999999999991e+00,2.746897697448730469e+01,4.155965328216552734e+00,nan,nan,6.159452233147817424e+00,3.946726395336638493e+00,2.212739546879476826e+00
3.525900000000000034e+01,5.406699999999999839e+00,2.746898841857910156e+01,4.155978679656982422e+00,nan,nan,5.574217471909719279e+00,3.647028876987944646e+00,1.927194972618765156e+00
2.318300000000000338e+01,2.683999999999999719e+00,2.746878814697265625e+01,4.155751705169677734e+00,nan,nan,5.495066437554555705e+00,3.515160633770476384e+00,1.979911525829977315e+00
1.468599999999999994e+01,1.042699999999999960e+00,2.746884536743164062e+01,4.155640125274658203e+00,nan,nan,6.605528149438100627e+00,3.967126919476042790e+00,2.638423879727072041e+00
1.905599999999999739e+01,8.109999999999999432e-01,2.746896743774414062e+01,4.155875205993652344e+00,nan,nan,6.448025736642080119e+00,3.678467585293303532e+00,2.769563396557516377e+00
2.991900000000000048e+01,3.784699999999999953e+00,2.746898269653320312e+01,4.155956268310546875e+00,nan,nan,5.278893503976064494e+00,3.476599468437682194e+00,1.802297194584554951e+00
3.604800000000000182e+01,5.155700000000000394e+00,2.746898841857910156e+01,4.155981540679931641e+00,nan,nan,5.564977798295217326e+00,3.687268568722258610e+00,1.877715011223501484e+00
3.325699999999999790e+01,4.634299999999999642e+00,2.746899986267089844e+01,4.156085968017578125e+00,nan,nan,5.372753653359609416e+00,3.562376333920012517e+00,1.810381730183309834e+00
2.567099999999999937e+01,3.398499999999999854e+00,2.746866798400878906e+01,4.155692100524902344e+00,nan,nan,5.308453473878103068e+00,3.467978848663817448e+00,1.840478976353353779e+00
1.620400000000000063e+01,2.066100000000000048e+00,2.745010948181152344e+01,4.144381523132324219e+00,nan,nan,6.020803723168569377e+00,3.852258278576384587e+00,2.168683369740194600e+00
1.680999999999999872e+01,1.988900000000000112e+00,2.746817398071289062e+01,4.155588626861572266e+00,nan,nan,6.013147625756460002e+00,3.811955763546477360e+00,2.201207836254782002e+00
2.773400000000000176e+01,3.572299999999999809e+00,2.746898269653320312e+01,4.156005382537841797e+00,nan,nan,5.278203282189565471e+00,3.458117260185729069e+00,1.820089777096456807e+00
3.999300000000000210e+01,6.101799999999999891e+00,2.746934318542480469e+01,4.156140327453613281e+00,nan,nan,6.068266901803212932e+00,3.946694685665617985e+00,2.121593196972555440e+00
4.157100000000000506e+01,6.449399999999999800e+00,2.746931838989257812e+01,4.155095577239990234e+00,nan,nan,6.328609022927480510e+00,4.077635361401091174e+00,2.250984390362448018e+00
3.604800000000000182e+01,5.001199999999999868e+00,2.746874237060546875e+01,4.155695438385009766e+00,nan,nan,5.540095362496572307e+00,3.687283708302031560e+00,1.852817257031149190e+00
2.397199999999999775e+01,2.529599999999999849e+00,2.746790695190429688e+01,4.155709743499755859e+00,nan,nan,5.518147620988088420e+00,3.496229960171233220e+00,2.021927197560018818e+00
1.474699999999999989e+01,1.042699999999999960e+00,2.746897697448730469e+01,4.155996322631835938e+00,nan,nan,6.600843701195913127e+00,3.962288452831755681e+00,2.638571460827535908e+00
1.541499999999999915e+01,1.718599999999999905e+00,2.595013236999511719e+01,3.676609516143798828e+00,nan,nan,5.933523688149648478e+00,3.807461215702544255e+00,2.131954033955282490e+00
2.445699999999999719e+01,3.321299999999999919e+00,2.741488838195800781e+01,4.126686573028564453e+00,nan,nan,5.334097657036977580e+00,3.485447658745299382e+00,1.848740537747091572e+00
3.064699999999999847e+01,4.557100000000000151e+00,2.746853256225585938e+01,4.155516624450683594e+00,nan,nan,5.294116649460988810e+00,3.489475740639220280e+00,1.804647763355917256e+00
3.428800000000000381e+01,5.271499999999999631e+00,2.746896934509277344e+01,4.155961036682128906e+00,nan,nan,5.502001676392751506e+00,3.602820588795195622e+00,1.899186571224874776e+00
3.404599999999999937e+01,5.039799999999999613e+00,2.747075462341308594e+01,4.156319618225097656e+00,nan,nan,5.451531443429189494e+00,3.592746688572417302e+00,1.858792265042013447e+00
2.336499999999999844e+01,3.147499999999999964e+00,2.746899986267089844e+01,4.155997276306152344e+00,nan,nan,5.389842424226003459e+00,3.510451688019286198e+00,1.879396517857260029e+00
1.304800000000000004e+01,1.042699999999999960e+00,2.746889495849609375e+01,4.155533313751220703e+00,nan,nan,6.744175705743032267e+00,4.105963780132780627e+00,2.638234217747396748e+00
1.680999999999999872e+01,1.081299999999999706e+00,2.746859359741210938e+01,4.154937744140625000e+00,nan,nan,6.428914818597036174e+00,3.811942650524626774e+00,2.617008050068563740e+00
2.730900000000000105e+01,3.359900000000000109e+00,2.746920204162597656e+01,4.155694484710693359e+00,nan,nan,5.304137978387075236e+00,3.458193732944975896e+00,1.845948715790457051e+00
3.556300000000000239e+01,5.406699999999999839e+00,2.746902656555175781e+01,4.155983448028564453e+00,nan,nan,5.589366469216543010e+00,3.662108136860381169e+00,1.927264650448507588e+00
3.446999999999999886e+01,5.117099999999999760e+00,2.746913719177246094e+01,4.156048774719238281e+00,nan,nan,5.482271704507070353e+00,3.610855592934142155e+00,1.871423025711721699e+00
2.676300000000000168e+01,3.823300000000000143e+00,2.746897697448730469e+01,4.155904769897460938e+00,nan,nan,5.259468707871633342e+00,3.459482742992888493e+00,1.799990375622457783e+00
1.620400000000000063e+01,1.853699999999999903e+00,2.746891593933105469e+01,4.155822277069091797e+00,nan,nan,6.107510123086171916e+00,3.853366805759917302e+00,2.254155238255209248e+00
1.159099999999999753e+01,1.564099999999999824e+00,2.746895408630371094e+01,4.155890941619873047e+00,nan,nan,6.621805462670522502e+00,4.243585182873259143e+00,2.378236015423483174e+00
2.208999999999999986e+01,2.761299999999999866e+00,2.746900177001953125e+01,4.155988216400146484e+00,nan,nan,5.508741650414663127e+00,3.548132135120879216e+00,1.960616071804708760e+00
3.598799999999999955e+01,5.541900000000000048e+00,2.746897697448730469e+01,4.155987739562988281e+00,nan,nan,5.642503533196645549e+00,3.684085919109831853e+00,1.958424885853475850e+00
4.302700000000000102e+01,6.642500000000000071e+00,2.747863769531250000e+01,4.157555580139160156e+00,nan,nan,6.541585240197377971e+00,4.210975004879484729e+00,2.330682952984518330e+00
4.096399999999999864e+01,6.352899999999999991e+00,2.747112655639648438e+01,4.156458854675292969e+00,nan,nan,6.237799200844960978e+00,4.025255753246794299e+00,2.212571700199789326e+00
3.501699999999999591e+01,5.194300000000000139e+00,2.746899032592773438e+01,4.155976772308349609e+00,nan,nan,5.520062241387563517e+00,3.635452701298247380e+00,1.884615083321279805e+00
2.002700000000000102e+01,2.085399999999999920e+00,2.746897697448730469e+01,4.155889511108398438e+00,nan,nan,5.795988831353383830e+00,3.630490972248564763e+00,2.165502389057821553e+00
1.171299999999999919e+01,-9.654800000000030025e-02,2.746793556213378906e+01,4.153909206390380859e+00,nan,nan,7.602047476601796916e+00,4.231455041615019397e+00,3.370769699200338643e+00
1.687099999999999866e+01,1.274399999999999977e+00,2.746895408630371094e+01,4.155848026275634766e+00,nan,nan,6.324906620812612346e+00,3.807922317234526677e+00,2.516992767437643330e+00
2.931199999999999761e+01,4.170899999999999608e+00,2.746910095214843750e+01,4.156029224395751953e+00,nan,nan,5.259215864968496135e+00,3.468671752659331364e+00,1.790549178703970234e+00
3.471300000000000097e+01,5.657700000000000173e+00,2.746894264221191406e+01,4.155877590179443359e+00,nan,nan,5.609138283562856486e+00,3.621451987473021550e+00,1.987692673786825459e+00
3.155699999999999861e+01,4.943299999999999805e+00,2.746884727478027344e+01,4.155675888061523438e+00,nan,nan,5.354669723344045451e+00,3.510036005226622624e+00,1.844639142140096943e+00
2.336499999999999844e+01,3.939200000000000035e+00,2.746849250793457031e+01,4.155266284942626953e+00,nan,nan,5.304836187195974162e+00,3.510367407051573796e+00,1.794473667725271504e+00
1.693200000000000216e+01,2.143400000000000194e+00,2.746838760375976562e+01,4.155198574066162109e+00,nan,nan,5.948400769067006877e+00,3.803868962971221013e+00,2.144565184696859639e+00
1.559700000000000131e+01,1.931000000000000050e+00,2.746902847290039062e+01,4.156035423278808594e+00,nan,nan,6.120770964455800822e+00,3.897155358044158024e+00,2.223632057293600361e+00
2.530699999999999861e+01,3.340599999999999792e+00,2.746895980834960938e+01,4.155996322631835938e+00,nan,nan,5.321097764802175334e+00,3.472519649712096257e+00,1.848583121880239766e+00
3.859700000000000131e+01,5.503199999999999648e+00,2.746898460388183594e+01,4.155973911285400391e+00,nan,nan,5.792936119866567424e+00,3.843822194782744450e+00,1.949121256455129902e+00
4.053900000000000148e+01,6.043899999999999828e+00,2.746897506713867188e+01,4.155871391296386719e+00,nan,nan,6.092548165154653361e+00,3.990272833553801579e+00,2.102282722576803486e+00
3.446999999999999886e+01,4.537799999999999834e+00,2.746909141540527344e+01,4.155167579650878906e+00,nan,nan,5.414093885255056193e+00,3.610738171783934636e+00,1.803360005005544942e+00
2.306099999999999994e+01,1.815100000000000158e+00,2.746899223327636719e+01,4.155960083007812500e+00,nan,nan,5.788342270684438517e+00,3.518450333324919743e+00,2.269896228893942158e+00
1.304800000000000004e+01,8.303200000000003911e-01,2.746899604797363281e+01,4.155977249145507812e+00,nan,nan,6.864299568963247111e+00,4.106005622593412951e+00,2.758317788227743428e+00
1.292599999999999838e+01,1.313099999999999934e+00,2.746898841857910156e+01,4.155958652496337891e+00,nan,nan,6.614666733575063517e+00,4.117019607273588733e+00,2.497666318997091572e+00
2.476000000000000156e+01,3.437100000000000044e+00,2.746671295166015625e+01,4.153802394866943359e+00,nan,nan,5.316588792634206584e+00,3.480990542618285222e+00,1.835606177433676045e+00
3.319599999999999795e+01,4.904600000000000293e+00,2.746759414672851562e+01,4.154554843902587891e+00,nan,nan,5.399803552460866740e+00,3.560167564598570866e+00,1.839651246651357930e+00
3.580599999999999739e+01,5.773600000000000065e+00,2.746610641479492188e+01,4.153426170349121094e+00,nan,nan,5.694820437264638713e+00,3.674710823742400212e+00,2.020146806820577901e+00
3.550199999999999534e+01,5.329500000000000348e+00,2.746895790100097656e+01,4.155923843383789062e+00,nan,nan,5.569792303872304728e+00,3.659002854076872868e+00,1.910794993027395527e+00
2.409300000000000352e+01,3.398499999999999854e+00,2.746859741210937500e+01,4.155604839324951172e+00,nan,nan,5.334979448151784709e+00,3.493966354576598210e+00,1.841021676644033711e+00
1.462599999999999945e+01,1.467500000000000249e+00,2.746877288818359375e+01,4.155595302581787109e+00,nan,nan,6.394545588326650432e+00,3.971905185429106755e+00,2.422660310848898213e+00
1.942000000000000171e+01,2.066100000000000048e+00,2.747093772888183594e+01,4.156323909759521484e+00,nan,nan,5.832553658318715861e+00,3.659901572910796208e+00,2.172675092800802510e+00
3.198199999999999932e+01,3.861899999999999888e+00,2.747009658813476562e+01,4.156237125396728516e+00,nan,nan,5.319163594079213908e+00,3.521350039688597722e+00,1.797814686878866475e+00
3.841499999999999915e+01,5.754299999999999748e+00,2.746900177001953125e+01,4.155994415283203125e+00,nan,nan,5.845126900506215861e+00,3.831299258915434880e+00,2.013838608845419209e+00
3.562400000000000233e+01,5.020500000000000185e+00,2.746898841857910156e+01,4.156002998352050781e+00,nan,nan,5.520845565629201701e+00,3.665156914440642399e+00,1.855698307141012471e+00
2.706699999999999662e+01,3.514400000000000190e+00,2.746910858154296875e+01,4.156288623809814453e+00,nan,nan,5.284892592263418010e+00,3.458473934380065007e+00,1.826423247441000264e+00
1.614300000000000068e+01,1.660600000000000076e+00,2.746793937683105469e+01,4.154960632324218750e+00,nan,nan,6.192400250268178752e+00,3.857602192608367009e+00,2.334849079235739033e+00
1.225900000000000034e+01,1.718599999999999905e+00,2.746376228332519531e+01,4.152804374694824219e+00,nan,nan,6.487057003808217814e+00,4.178216649738798694e+00,2.308908541783041279e+00
2.312199999999999989e+01,2.838499999999999801e+00,2.746898651123046875e+01,4.155995368957519531e+00,nan,nan,5.459024462533193400e+00,3.516802324501524968e+00,1.942228098496145527e+00
3.890099999999999625e+01,5.754299999999999748e+00,2.746913528442382812e+01,4.155998229980468750e+00,nan,nan,5.879069123101430705e+00,3.865189267841826481e+00,2.013888795956320088e+00
4.490899999999999892e+01,6.739099999999999646e+00,2.746899032592773438e+01,4.155967712402343750e+00,nan,nan,6.780061516595083049e+00,4.405783488003264026e+00,2.374300201519674580e+00
3.823300000000000409e+01,5.368100000000000094e+00,2.746892738342285156e+01,4.155731201171875000e+00,nan,nan,5.737942490411001017e+00,3.818991495815764470e+00,1.918956895455068867e+00
2.718800000000000239e+01,2.645399999999999974e+00,2.746897888183593750e+01,4.155934810638427734e+00,nan,nan,5.448102984261709025e+00,3.458136750904570622e+00,1.989968498333639424e+00
1.341200000000000081e+01,5.986000000000002430e-01,2.746814918518066406e+01,4.155870914459228516e+00,nan,nan,6.971025023293691447e+00,4.073580338207731799e+00,2.897487838848776143e+00
1.401900000000000013e+01,1.100600000000000023e+00,2.746791267395019531e+01,4.155036449432373047e+00,nan,nan,6.628219637704091838e+00,4.021576239315519885e+00,2.606749494656271260e+00
2.360699999999999932e+01,3.282599999999999962e+00,2.722909736633300781e+01,4.059426784515380859e+00,nan,nan,5.345910701585012248e+00,3.499901725498686833e+00,1.846212466343588154e+00
3.143599999999999994e+01,4.885299999999999976e+00,2.746141433715820312e+01,4.150472640991210938e+00,nan,nan,5.345286760163503459e+00,3.507174743858824773e+00,1.838155289276785176e+00
3.119300000000000139e+01,4.904600000000000293e+00,2.746898078918457031e+01,4.155974388122558594e+00,nan,nan,5.340743932557302287e+00,3.501222326008330388e+00,1.839527149780935567e+00
3.095100000000000051e+01,4.846700000000000230e+00,2.746890830993652344e+01,4.155873775482177734e+00,nan,nan,5.327830228638845256e+00,3.495729757992278142e+00,1.832105477436727803e+00
2.500300000000000011e+01,3.456399999999999917e+00,2.746896743774414062e+01,4.155978202819824219e+00,nan,nan,5.309978399110036662e+00,3.476852966991911931e+00,1.833130081280416768e+00
1.523299999999999876e+01,1.815100000000000158e+00,2.746903419494628906e+01,4.156008243560791016e+00,nan,nan,6.194395575356679728e+00,3.924492789951811833e+00,2.269917924984640401e+00
1.668900000000000006e+01,1.525500000000000078e+00,2.746904945373535156e+01,4.155997753143310547e+00,nan,nan,6.215965781045156291e+00,3.820077373234282536e+00,2.395902832134908955e+00
2.779500000000000171e+01,3.031600000000000072e+00,2.746898460388183594e+01,4.155925750732421875e+00,nan,nan,5.359132680726247600e+00,3.458224786964903874e+00,1.900910695179647725e+00
3.477400000000000091e+01,4.808099999999999596e+00,2.746911048889160156e+01,4.155445575714111328e+00,nan,nan,5.451957974267202189e+00,3.624260141102324528e+00,1.827701826676077168e+00
3.525900000000000034e+01,4.904600000000000293e+00,2.746898460388183594e+01,4.155952453613281250e+00,nan,nan,5.486306938958364299e+00,3.647018267361174626e+00,1.839292903526968281e+00
2.943300000000000338e+01,3.977799999999999780e+00,2.746911048889160156e+01,4.156030178070068359e+00,nan,nan,5.263521942925649455e+00,3.470156206337462468e+00,1.793370802982992451e+00
1.832799999999999940e+01,2.201299999999999812e+00,2.746898841857910156e+01,4.155966281890869141e+00,nan,nan,5.842973027062612346e+00,3.718296243397246403e+00,2.124686081989950459e+00
1.207699999999999996e+01,1.216500000000000359e+00,2.746857452392578125e+01,4.155422687530517578e+00,nan,nan,6.742323431801992228e+00,4.196178628651152209e+00,2.546208341702169697e+00
1.705300000000000082e+01,2.201299999999999812e+00,2.746842193603515625e+01,4.155163288116455078e+00,nan,nan,5.920413765740590861e+00,3.795970036236296696e+00,2.124481042011923115e+00
3.010099999999999909e+01,4.615000000000000213e+00,2.746767807006835938e+01,4.154655456542968750e+00,nan,nan,5.288522515130239299e+00,3.479535533634673161e+00,1.808995087727255147e+00
4.011400000000000432e+01,6.507299999999999862e+00,2.746901893615722656e+01,4.156027793884277344e+00,nan,nan,6.230365786385732463e+00,3.956214620319853825e+00,2.274168689831442158e+00
4.096399999999999864e+01,6.449399999999999800e+00,2.746895980834960938e+01,4.155975818634033203e+00,nan,nan,6.276084217858510783e+00,4.025459839550505237e+00,2.250639637097067158e+00
3.125400000000000134e+01,4.402599999999999625e+00,2.746893882751464844e+01,4.155921936035156250e+00,nan,nan,5.298132452798085978e+00,3.502544774261961980e+00,1.795591672047323506e+00
1.790299999999999869e+01,1.216500000000000359e+00,2.746723175048828125e+01,4.153830528259277344e+00,nan,nan,6.288128170800405314e+00,3.742975665775786442e+00,2.545259554966635029e+00
1.207699999999999996e+01,-5.792899999999967520e-02,2.746760940551757812e+01,4.153656959533691406e+00,nan,nan,7.538038286996084025e+00,4.196093870846281604e+00,3.342127998455709736e+00
2.008800000000000097e+01,1.679899999999999949e+00,2.746898078918457031e+01,4.155943393707275391e+00,nan,nan,5.954558644128042033e+00,3.627671672550688786e+00,2.326893408878988545e+00
3.331700000000000017e+01,4.653599999999999959e+00,2.746898841857910156e+01,4.155977725982666016e+00,nan,nan,5.376381430459218791e+00,3.564476920811186833e+00,1.811908562763876240e+00
3.410600000000000165e+01,5.155700000000000394e+00,2.746898651123046875e+01,4.155985832214355469e+00,nan,nan,5.473030958008962443e+00,3.595230294910918278e+00,1.877806325539297383e+00
3.016199999999999903e+01,4.286699999999999733e+00,2.746884155273437500e+01,4.155807971954345703e+00,nan,nan,5.272268328499990275e+00,3.480501307693968815e+00,1.791771133526510518e+00
2.469999999999999929e+01,3.243999999999999773e+00,2.746421241760253906e+01,4.152548313140869141e+00,nan,nan,5.344566259217458537e+00,3.481803490368376774e+00,1.862773378475851338e+00
1.759900000000000020e+01,2.162700000000000067e+00,2.746818923950195312e+01,4.155316352844238281e+00,nan,nan,5.899265084099965861e+00,3.761453582493315739e+00,2.137831051930136006e+00
1.905599999999999739e+01,2.104800000000000004e+00,2.746896934509277344e+01,4.156033039093017578e+00,nan,nan,5.837185177636342814e+00,3.678576184956084294e+00,2.158619959934896748e+00
3.101099999999999923e+01,4.441200000000000259e+00,2.746953010559082031e+01,4.156044483184814453e+00,nan,nan,5.294388446641164592e+00,3.497014536110411687e+00,1.797377844437307637e+00
4.005400000000000205e+01,5.638399999999999856e+00,2.748814773559570312e+01,4.157173156738281250e+00,nan,nan,5.932216200661855510e+00,3.950008227077971501e+00,1.982231457813925068e+00
3.890099999999999625e+01,5.599800000000000111e+00,2.747094345092773438e+01,4.157077789306640625e+00,nan,nan,5.837452206444936564e+00,3.865058614460478825e+00,1.972447832211202901e+00
2.476000000000000156e+01,2.993000000000000327e+00,2.746583938598632812e+01,4.153403759002685547e+00,nan,nan,5.389132532906728557e+00,3.480762256828795476e+00,1.908391137703604024e+00
2.136199999999999832e+01,2.433000000000000274e+00,2.746932411193847656e+01,4.156019687652587891e+00,nan,nan,5.624220166039663127e+00,3.574131263939391179e+00,2.050096114262289326e+00
2.026999999999999957e+01,2.433000000000000274e+00,2.742490959167480469e+01,4.137369632720947266e+00,nan,nan,5.662311825585561564e+00,3.617613805977355046e+00,2.045039136990255635e+00
2.196900000000000119e+01,2.896399999999999864e+00,2.742603683471679688e+01,4.134474754333496094e+00,nan,nan,5.475794825387197307e+00,3.550834669319640202e+00,1.925119419678396504e+00
2.579199999999999804e+01,3.475699999999999790e+00,2.743440437316894531e+01,4.141958713531494141e+00,nan,nan,5.295721325707631877e+00,3.466396762577544255e+00,1.829335411175436299e+00
2.912999999999999901e+01,4.363999999999999879e+00,2.746741485595703125e+01,4.155441761016845703e+00,nan,nan,5.260532412362294963e+00,3.466512872425566716e+00,1.794023891075796406e+00
3.204299999999999926e+01,4.653599999999999959e+00,2.746896362304687500e+01,4.155998229980468750e+00,nan,nan,5.335032615494924357e+00,3.523099853245268864e+00,1.811936874970144551e+00
3.331700000000000017e+01,4.981900000000000439e+00,2.746913337707519531e+01,4.155841350555419922e+00,nan,nan,5.414555344414907267e+00,3.564499510971556706e+00,1.850060423000997822e+00
3.028300000000000125e+01,4.344699999999999562e+00,2.746903800964355469e+01,4.155994415283203125e+00,nan,nan,5.276069316697316935e+00,3.482618941513548894e+00,1.793454547508901875e+00
2.427499999999999858e+01,3.128200000000000092e+00,2.746704101562500000e+01,4.152788162231445312e+00,nan,nan,5.372125539612966350e+00,3.489655269829283757e+00,1.882481654270834248e+00
1.996599999999999753e+01,2.220600000000000129e+00,2.742182350158691406e+01,4.107052326202392578e+00,nan,nan,5.733684573006826213e+00,3.631249500957976384e+00,2.102820833309835713e+00
1.978400000000000247e+01,1.892300000000000093e+00,2.734294319152832031e+01,4.044227123260498047e+00,nan,nan,5.832128319573598674e+00,3.636298133579741521e+00,2.196632464512533467e+00
2.245400000000000063e+01,2.413699999999999957e+00,2.745183944702148438e+01,4.136712551116943359e+00,nan,nan,5.586438689065175822e+00,3.535782469955931706e+00,2.050762255772299092e+00
2.712699999999999889e+01,3.533700000000000063e+00,2.746892738342285156e+01,4.155727386474609375e+00,nan,nan,5.282449040246206096e+00,3.458272351471434636e+00,1.824180563076681416e+00
2.991900000000000048e+01,4.441200000000000259e+00,2.746894264221191406e+01,4.155965328216552734e+00,nan,nan,5.274151954484182170e+00,3.476655854431639714e+00,1.797500808819479268e+00
3.082900000000000063e+01,4.672900000000000276e+00,2.746756553649902344e+01,4.154933929443359375e+00,nan,nan,5.307167563271718791e+00,3.493239654747496648e+00,1.813935537918752949e+00
2.858399999999999963e+01,4.383300000000000196e+00,2.746483039855957031e+01,4.152269363403320312e+00,nan,nan,5.257307205033498576e+00,3.461895777431975407e+00,1.795419712647146504e+00
2.488199999999999790e+01,3.630199999999999871e+00,2.745182418823242188e+01,4.142519474029541016e+00,nan,nan,5.292618546319204142e+00,3.478530897346983952e+00,1.814109166248983662e+00
2.184699999999999775e+01,3.301899999999999835e+00,2.741728973388671875e+01,4.121451377868652344e+00,nan,nan,5.405051741433339885e+00,3.554741396156798405e+00,1.850434203728384297e+00
1.996599999999999753e+01,2.606799999999999784e+00,2.745257759094238281e+01,4.143902301788330078e+00,nan,nan,5.629987988305288127e+00,3.632610155788909001e+00,1.997526605709738057e+00
2.081599999999999895e+01,2.857800000000000118e+00,2.746852302551269531e+01,4.155541419982910156e+00,nan,nan,5.534140858483510783e+00,3.596108926979552312e+00,1.938043912037557881e+00
2.500300000000000011e+01,3.475699999999999790e+00,2.746896743774414062e+01,4.155986785888671875e+00,nan,nan,5.307709488702016642e+00,3.476868046967040105e+00,1.830846269711202901e+00
2.961499999999999844e+01,4.306000000000000050e+00,2.747047615051269531e+01,4.156147956848144531e+00,nan,nan,5.264821443391042521e+00,3.472364379612456364e+00,1.792462010964102070e+00
3.264999999999999858e+01,4.711599999999999788e+00,2.746890449523925781e+01,4.155519008636474609e+00,nan,nan,5.359745774102407267e+00,3.541924668995390935e+00,1.817828257664388936e+00
3.216400000000000148e+01,4.730900000000000105e+00,2.746296691894531250e+01,4.147438526153564453e+00,nan,nan,5.347599420380788615e+00,3.526858104912291569e+00,1.820766766651815693e+00
3.003999999999999915e+01,4.170899999999999608e+00,2.739387512207031250e+01,4.078673839569091797e+00,nan,nan,5.273478541207509807e+00,3.479911996571074528e+00,1.793592651470846455e+00
2.724900000000000233e+01,3.417800000000000171e+00,2.745851898193359375e+01,4.139807224273681641e+00,nan,nan,5.295292887520986369e+00,3.458181931225310368e+00,1.837112744435018818e+00
2.215099999999999980e+01,2.722700000000000120e+00,2.746883010864257812e+01,4.155440807342529297e+00,nan,nan,5.516041312051015666e+00,3.546025468555937810e+00,1.970021446331686299e+00
2.002700000000000102e+01,2.124099999999999877e+00,2.746899795532226562e+01,4.155930995941162109e+00,nan,nan,5.782150301766591838e+00,3.630516244617949528e+00,2.151640136822408955e+00
2.032999999999999829e+01,2.452300000000000146e+00,2.746901893615722656e+01,4.156017303466796875e+00,nan,nan,5.661123785805898478e+00,3.616755975929747624e+00,2.044379551991171162e+00
2.372899999999999920e+01,3.301899999999999835e+00,2.746891403198242188e+01,4.156009197235107422e+00,nan,nan,5.355729136300283244e+00,3.501553489414702458e+00,1.854181130512899678e+00
2.706699999999999662e+01,3.939200000000000035e+00,2.746077919006347656e+01,4.150660037994384766e+00,nan,nan,5.253275904488759807e+00,3.458613647667418523e+00,1.794668098076528828e+00
2.852300000000000324e+01,4.170899999999999608e+00,2.742473983764648438e+01,4.129464149475097656e+00,nan,nan,5.253247055840688517e+00,3.461811675278197331e+00,1.791445811375326436e+00
2.834099999999999753e+01,4.537799999999999834e+00,2.740637779235839844e+01,4.119156360626220703e+00,nan,nan,5.267735037636953166e+00,3.460848583427916569e+00,1.806916316136068623e+00
3.070800000000000196e+01,4.634299999999999642e+00,2.744169807434082031e+01,4.139284610748291016e+00,nan,nan,5.303577933144765666e+00,3.491235329357634587e+00,1.812380989178365986e+00
2.888699999999999690e+01,4.267400000000000304e+00,2.746718597412109375e+01,4.154631614685058594e+00,nan,nan,5.255650791955190471e+00,3.464186085907469792e+00,1.791469712837881367e+00
2.494300000000000139e+01,3.398499999999999854e+00,2.746830749511718750e+01,4.155580043792724609e+00,nan,nan,5.318664107155996135e+00,3.477987302986632390e+00,1.840682645424551289e+00
2.160500000000000043e+01,2.780600000000000183e+00,2.746836471557617188e+01,4.155625820159912109e+00,nan,nan,5.521596822571950725e+00,3.565459920612822575e+00,1.956146677120870869e+00
2.178699999999999903e+01,2.587499999999999467e+00,2.746941184997558594e+01,4.155976295471191406e+00,nan,nan,5.564151797127919963e+00,3.558545483795653386e+00,2.005612929447836201e+00
2.585300000000000153e+01,3.108900000000000219e+00,2.751387786865234375e+01,4.160868644714355469e+00,nan,nan,5.353969964814382365e+00,3.466798795906554265e+00,1.887192447766012471e+00
3.003999999999999915e+01,3.340599999999999792e+00,2.749494934082031250e+01,4.154418945312500000e+00,nan,nan,5.326488647294240764e+00,3.478255821911345524e+00,1.848237236126608174e+00
3.173999999999999844e+01,4.209500000000000242e+00,2.746787071228027344e+01,4.152905941009521484e+00,nan,nan,5.305357847047048381e+00,3.514776481834898991e+00,1.790585597141927998e+00
3.192199999999999704e+01,4.499100000000000321e+00,2.746902847290039062e+01,4.156019210815429688e+00,nan,nan,5.320224199128347209e+00,3.519689931122313542e+00,1.800538976772970479e+00
3.052599999999999980e+01,4.132299999999999862e+00,2.746821594238281250e+01,4.155095577239990234e+00,nan,nan,5.277543816399770549e+00,3.487037076202879948e+00,1.790510137661642354e+00
2.694500000000000028e+01,3.514400000000000190e+00,2.746840286254882812e+01,4.155259132385253906e+00,nan,nan,5.285146865678029826e+00,3.458760751930724187e+00,1.826391716583914082e+00
2.257600000000000051e+01,2.896399999999999864e+00,2.746859169006347656e+01,4.155922889709472656e+00,nan,nan,5.461725148987966350e+00,3.532568229881773991e+00,1.929163117989248555e+00
1.990500000000000114e+01,2.510299999999999976e+00,2.745137977600097656e+01,4.146948337554931641e+00,nan,nan,5.660189661812978557e+00,3.635409309116850896e+00,2.024885852917379658e+00
1.990500000000000114e+01,2.780600000000000183e+00,2.744714355468750000e+01,4.145155906677246094e+00,nan,nan,5.588802609276967814e+00,3.635313941685210271e+00,1.953580339535421651e+00
2.560999999999999943e+01,3.610899999999999999e+00,2.746857261657714844e+01,4.155987739562988281e+00,nan,nan,5.284985456299978068e+00,3.468700958935271306e+00,1.816289027317709248e+00
3.089000000000000057e+01,4.460499999999999687e+00,2.746890258789062500e+01,4.155818939208984375e+00,nan,nan,5.292846355271535685e+00,3.494371129719267888e+00,1.798479934319204609e+00
3.453099999999999881e+01,5.059099999999999930e+00,2.746892166137695312e+01,4.155909061431884766e+00,nan,nan,5.475062284302907756e+00,3.613327099529753728e+00,1.861748715027517598e+00
3.416700000000000159e+01,4.885299999999999976e+00,2.746850776672363281e+01,4.155230998992919922e+00,nan,nan,5.434621486497121623e+00,3.597731901852141423e+00,1.836895485504812520e+00
3.125400000000000134e+01,4.325400000000000134e+00,2.744978713989257812e+01,4.136301517486572266e+00,nan,nan,5.297421488595205119e+00,3.503044201580534978e+00,1.794397075756735127e+00
2.761300000000000310e+01,3.417800000000000171e+00,2.744735336303710938e+01,4.133649349212646484e+00,nan,nan,5.294296178651052287e+00,3.458043529240141911e+00,1.836249311550802510e+00
2.300099999999999767e+01,2.336500000000000021e+00,2.746770095825195312e+01,4.154005050659179688e+00,nan,nan,5.599549088311391642e+00,3.520072056499968571e+00,2.079491098507589619e+00
1.954100000000000037e+01,1.950299999999999923e+00,2.746857452392578125e+01,4.156059741973876953e+00,nan,nan,5.870010409188466838e+00,3.653848840443144841e+00,2.216169078930563252e+00
2.111899999999999977e+01,2.471600000000000019e+00,2.746889686584472656e+01,4.156033515930175781e+00,nan,nan,5.622218880486684611e+00,3.583578838554869694e+00,2.038646181210226338e+00
2.500300000000000011e+01,3.417800000000000171e+00,2.745688247680664062e+01,4.150096416473388672e+00,nan,nan,5.314290795159536174e+00,3.476733817307005925e+00,1.837577660664266865e+00
2.791600000000000037e+01,4.132299999999999862e+00,2.741803169250488281e+01,4.129361629486083984e+00,nan,nan,5.250877294373708537e+00,3.458947135654936833e+00,1.791941483601278584e+00
2.864400000000000190e+01,4.286699999999999733e+00,2.744764709472656250e+01,4.141264438629150391e+00,nan,nan,5.255789909196096232e+00,3.462455882278929753e+00,1.793348391636556904e+00
2.797699999999999676e+01,4.113000000000000433e+00,2.745519256591796875e+01,4.146121978759765625e+00,nan,nan,5.249705467057424357e+00,3.458788050858031315e+00,1.790923197849935811e+00
2.700600000000000023e+01,4.054999999999999716e+00,2.744629859924316406e+01,4.141504287719726562e+00,nan,nan,5.250199351144033244e+00,3.458591593948851628e+00,1.791613896473593037e+00
2.676300000000000168e+01,3.939200000000000035e+00,2.746435165405273438e+01,4.153610706329345703e+00,nan,nan,5.253951940369802287e+00,3.459510459152709050e+00,1.794446249588674824e+00
2.330400000000000205e+01,3.301899999999999835e+00,2.746897888183593750e+01,4.155960559844970703e+00,nan,nan,5.366105589699941447e+00,3.511969460693846745e+00,1.854141731842703145e+00
2.105900000000000105e+01,2.683999999999999719e+00,2.746904945373535156e+01,4.155974388122558594e+00,nan,nan,5.565900120568471721e+00,3.585958494392882390e+00,1.979948361500448506e+00
2.178699999999999903e+01,2.780600000000000183e+00,2.746894454956054688e+01,4.155862331390380859e+00,nan,nan,5.514527830910878947e+00,3.558594419209013981e+00,1.955939610584921162e+00
2.494300000000000139e+01,3.282599999999999962e+00,2.746858215332031250e+01,4.154710769653320312e+00,nan,nan,5.335440311265188029e+00,3.478118790833006901e+00,1.857327778919882100e+00
2.925099999999999767e+01,4.460499999999999687e+00,2.745376014709472656e+01,4.145681381225585938e+00,nan,nan,5.268025550675588420e+00,3.468062772003661198e+00,1.799984176739401143e+00
2.791600000000000037e+01,4.113000000000000433e+00,2.745946311950683594e+01,4.148227214813232422e+00,nan,nan,5.249545011353689006e+00,3.458576215950499577e+00,1.790974696263021748e+00
2.730900000000000105e+01,4.190199999999999925e+00,2.743711662292480469e+01,4.134671211242675781e+00,nan,nan,5.249560150933461955e+00,3.458047999588500065e+00,1.791520078762716572e+00
2.500300000000000011e+01,3.900500000000000078e+00,2.743535614013671875e+01,4.135515213012695312e+00,nan,nan,5.272404107880788615e+00,3.476452841011534733e+00,1.795964618309683125e+00
2.348600000000000065e+01,3.205400000000000027e+00,2.746727943420410156e+01,4.154892921447753906e+00,nan,nan,5.376806411576467326e+00,3.507425023762236638e+00,1.869392235859579365e+00
2.111899999999999977e+01,2.819199999999999484e+00,2.746896553039550781e+01,4.155982494354248047e+00,nan,nan,5.530276927781301310e+00,3.583568109718810124e+00,1.946715434178060811e+00
2.215099999999999980e+01,2.857800000000000118e+00,2.746911430358886719e+01,4.156026363372802734e+00,nan,nan,5.483909044099050334e+00,3.546062542644988103e+00,1.937852879151052754e+00
2.603500000000000014e+01,3.321299999999999919e+00,2.746916961669921875e+01,4.155745029449462891e+00,nan,nan,5.316657695603566935e+00,3.464875473228941960e+00,1.851789434536642354e+00
2.852300000000000324e+01,3.900500000000000078e+00,2.746811103820800781e+01,4.154132366180419922e+00,nan,nan,5.257624778580861857e+00,3.461407257763396306e+00,1.796221931561178486e+00
3.003999999999999915e+01,4.093600000000000350e+00,2.741342926025390625e+01,4.096479892730712891e+00,nan,nan,5.271733317208486369e+00,3.479519261566649480e+00,1.792226274594015401e+00
3.028300000000000125e+01,3.958499999999999908e+00,2.745786285400390625e+01,4.139751434326171875e+00,nan,nan,5.276989254784780314e+00,3.482835664001952214e+00,1.794155974968618672e+00
2.943300000000000338e+01,3.900500000000000078e+00,2.746870422363281250e+01,4.155059814453125000e+00,nan,nan,5.266033921075063517e+00,3.469933046547423405e+00,1.796104927643484395e+00
2.633800000000000097e+01,3.243999999999999773e+00,2.746900749206542969e+01,4.155951499938964844e+00,nan,nan,5.325052175355153850e+00,3.461923851219664616e+00,1.863132377251333516e+00
2.239400000000000190e+01,2.703300000000000036e+00,2.746907615661621094e+01,4.156031131744384766e+00,nan,nan,5.513404879403310588e+00,3.538284494129668278e+00,1.975128133877462666e+00
1.978400000000000247e+01,2.548900000000000166e+00,2.746835327148437500e+01,4.155303001403808594e+00,nan,nan,5.658221754861074260e+00,3.641994311062346501e+00,2.016238887890524190e+00
2.026999999999999957e+01,2.741999999999999993e+00,2.745042419433593750e+01,4.142647266387939453e+00,nan,nan,5.581332716775136760e+00,3.618689848629485173e+00,1.962845047100729268e+00
2.324300000000000210e+01,3.224699999999999900e+00,2.733163452148437500e+01,4.075225353240966797e+00,nan,nan,5.366422328782277873e+00,3.510444177834044499e+00,1.856157441719717305e+00
2.585300000000000153e+01,3.707500000000000018e+00,2.733120155334472656e+01,4.079659938812255859e+00,nan,nan,5.269812021088796428e+00,3.465177191940794987e+00,1.804657955750173848e+00
3.003999999999999915e+01,4.730900000000000105e+00,2.743696212768554688e+01,4.135680198669433594e+00,nan,nan,5.301186952424245646e+00,3.479122235027800603e+00,1.822109718903250020e+00
3.204299999999999926e+01,5.001199999999999868e+00,2.746540451049804688e+01,4.153514862060546875e+00,nan,nan,5.376712355447011760e+00,3.523315502850066228e+00,1.853417595013326924e+00
3.198199999999999932e+01,4.808099999999999596e+00,2.746887016296386719e+01,4.155982494354248047e+00,nan,nan,5.348981056046682170e+00,3.521419896332274480e+00,1.827565868481344502e+00
2.821999999999999886e+01,4.035700000000000287e+00,2.746900177001953125e+01,4.156153678894042969e+00,nan,nan,5.251490268540578654e+00,3.459791614262114567e+00,1.791703422650045674e+00
2.330400000000000205e+01,2.838499999999999801e+00,2.746683692932128906e+01,4.153316974639892578e+00,nan,nan,5.453609738183217814e+00,3.511918617931853337e+00,1.941701968296713154e+00
2.099800000000000111e+01,2.046800000000000175e+00,2.745998954772949219e+01,4.143476963043212891e+00,nan,nan,5.763198885750966838e+00,3.588048531261931462e+00,2.175219138249105733e+00
2.227199999999999847e+01,1.969599999999999795e+00,2.745520782470703125e+01,4.138106822967529297e+00,nan,nan,5.743643078637319377e+00,3.541652454582701726e+00,2.202078540905660908e+00
2.445699999999999719e+01,2.664699999999999847e+00,2.746371459960937500e+01,4.148825645446777344e+00,nan,nan,5.469486269784169963e+00,3.486075772491942448e+00,1.983432610615438740e+00
2.931199999999999761e+01,3.726799999999999891e+00,2.746890258789062500e+01,4.155736446380615234e+00,nan,nan,5.274823579621511271e+00,3.468477381912718815e+00,1.806349535568899434e+00
3.149699999999999989e+01,4.248099999999999987e+00,2.746896934509277344e+01,4.155975341796875000e+00,nan,nan,5.299479756188588908e+00,3.508460416046629948e+00,1.791022856816000264e+00
3.101099999999999923e+01,4.267400000000000304e+00,2.746904754638671875e+01,4.156105995178222656e+00,nan,nan,5.288400444817739299e+00,3.497004522530089421e+00,1.791399677380270283e+00
2.858399999999999963e+01,3.919900000000000162e+00,2.746892166137695312e+01,4.156202793121337891e+00,nan,nan,5.257029208970266154e+00,3.461828781811247868e+00,1.795204480274862568e+00
2.536699999999999733e+01,3.495000000000000107e+00,2.746140098571777344e+01,4.152607917785644531e+00,nan,nan,5.299724612069326213e+00,3.471583022324095769e+00,1.828148623093313496e+00
2.148300000000000054e+01,3.089500000000000135e+00,2.743379592895507812e+01,4.138013839721679688e+00,nan,nan,5.455650243592458537e+00,3.568550600258360905e+00,1.887179930790609639e+00
2.178699999999999903e+01,2.722700000000000120e+00,2.745721054077148438e+01,4.151279449462890625e+00,nan,nan,5.527214560342031291e+00,3.558222963062773747e+00,1.969025571926779072e+00
2.342500000000000071e+01,3.050899999999999945e+00,2.746897315979003906e+01,4.156003475189208984e+00,nan,nan,5.406076226067739299e+00,3.508881522861968083e+00,1.897201438530630391e+00
2.828000000000000114e+01,3.823300000000000143e+00,2.746882820129394531e+01,4.155808925628662109e+00,nan,nan,5.260033640694814494e+00,3.459960414616118474e+00,1.800076861962026875e+00
3.204299999999999926e+01,4.634299999999999642e+00,2.747010040283203125e+01,4.156413555145263672e+00,nan,nan,5.333234700989919475e+00,3.523066474644194646e+00,1.810173054321951192e+00
3.283200000000000074e+01,4.846700000000000230e+00,2.746679115295410156e+01,4.149054527282714844e+00,nan,nan,5.380411181283193400e+00,3.547625972477446599e+00,1.832792897804922383e+00
3.234599999999999653e+01,4.653599999999999959e+00,2.746036911010742188e+01,4.147039890289306641e+00,nan,nan,5.345004114937978557e+00,3.532309486118804021e+00,1.812705655678457539e+00
3.095100000000000051e+01,3.784699999999999953e+00,2.746726799011230469e+01,4.154054164886474609e+00,nan,nan,5.297840628457265666e+00,3.495714797226439519e+00,1.802127917393392842e+00
2.670199999999999818e+01,3.263300000000000090e+00,2.746871185302734375e+01,4.155817508697509766e+00,nan,nan,5.319858822655874064e+00,3.459777070728789372e+00,1.860087116345114033e+00
2.239400000000000190e+01,2.490899999999999892e+00,2.746805191040039062e+01,4.155454635620117188e+00,nan,nan,5.571073803734975627e+00,3.538205160347472233e+00,2.032886107548422139e+00
2.069400000000000261e+01,2.413699999999999957e+00,2.746425437927246094e+01,4.153278827667236328e+00,nan,nan,5.655975136590200236e+00,3.600767745224486394e+00,2.055282552822775166e+00
2.160500000000000043e+01,2.780600000000000183e+00,2.730830383300781250e+01,4.086569786071777344e+00,nan,nan,5.501133713555532267e+00,3.559943570343504948e+00,1.941702862366384785e+00
2.463899999999999935e+01,3.301899999999999835e+00,2.740921592712402344e+01,4.123690128326416016e+00,nan,nan,5.333106908631521037e+00,3.482091082779418034e+00,1.851108928307241719e+00
2.700600000000000023e+01,3.803999999999999826e+00,2.743470382690429688e+01,4.136266708374023438e+00,nan,nan,5.259242091012197307e+00,3.458577884880553288e+00,1.800669451340383809e+00
2.858399999999999963e+01,4.363999999999999879e+00,2.746333694458007812e+01,4.152395248413085938e+00,nan,nan,5.256161007714467814e+00,3.461826695648680730e+00,1.794340689762777608e+00
3.046499999999999986e+01,4.402599999999999625e+00,2.746841049194335938e+01,4.155721187591552734e+00,nan,nan,5.281502637696462443e+00,3.485899938789855046e+00,1.795607169254965108e+00
3.058599999999999852e+01,4.499100000000000321e+00,2.746904373168945312e+01,4.155837059020996094e+00,nan,nan,5.288833770585256389e+00,3.488193585125456853e+00,1.800644238575643818e+00
2.724900000000000233e+01,3.939200000000000035e+00,2.746897315979003906e+01,4.155954360961914062e+00,nan,nan,5.252481851411062053e+00,3.458061112610350651e+00,1.794425030335134785e+00
2.221199999999999974e+01,2.761299999999999866e+00,2.746817016601562500e+01,4.154477596282958984e+00,nan,nan,5.504524025750356486e+00,3.544137610641966862e+00,1.960396249874777119e+00
1.942000000000000171e+01,2.278500000000000192e+00,2.745963096618652344e+01,4.143788337707519531e+00,nan,nan,5.754476818871694377e+00,3.659373952595244450e+00,2.095226963146871846e+00
2.130099999999999838e+01,2.162700000000000067e+00,2.743649291992187500e+01,4.119042873382568359e+00,nan,nan,5.701092514825063517e+00,3.575290574280272526e+00,2.126046021565145772e+00
2.506400000000000006e+01,2.799900000000000055e+00,2.738760566711425781e+01,4.074529647827148438e+00,nan,nan,5.409942898583608439e+00,3.475006176678191228e+00,1.935013015850729268e+00
2.876599999999999824e+01,3.803999999999999826e+00,2.746784973144531250e+01,4.153641223907470703e+00,nan,nan,5.264478716683584025e+00,3.463159813133727116e+00,1.801322539433187764e+00
3.070800000000000196e+01,4.441200000000000259e+00,2.746904754638671875e+01,4.155919075012207031e+00,nan,nan,5.288345966172414592e+00,3.490737868992339177e+00,1.797613103970236104e+00
3.022199999999999775e+01,4.479800000000000004e+00,2.746921730041503906e+01,4.156143188476562500e+00,nan,nan,5.281832609009939006e+00,3.481912447659026189e+00,1.799926777466482442e+00
2.809800000000000253e+01,4.016399999999999970e+00,2.746890449523925781e+01,4.155896663665771484e+00,nan,nan,5.251243624520498088e+00,3.459197713581572575e+00,1.792050321682638447e+00
2.415399999999999991e+01,3.379199999999999982e+00,2.746777725219726562e+01,4.154581546783447266e+00,nan,nan,5.335276636910634807e+00,3.492162777630339665e+00,1.843122978790945332e+00
2.008800000000000097e+01,2.626100000000000101e+00,2.746420288085937500e+01,4.151183128356933594e+00,nan,nan,5.621598515343862346e+00,3.627466632572661442e+00,1.994220336064047139e+00
1.863100000000000023e+01,2.490899999999999892e+00,2.746080970764160156e+01,4.148561477661132812e+00,nan,nan,5.731886181664663127e+00,3.700885011402617497e+00,2.031141718014425557e+00
2.136199999999999832e+01,2.877099999999999991e+00,2.746512031555175781e+01,4.152482509613037109e+00,nan,nan,5.506855521035390666e+00,3.573993219582091374e+00,1.932902951821035664e+00
2.700600000000000023e+01,3.900500000000000078e+00,2.746863746643066406e+01,4.155682086944580078e+00,nan,nan,5.255233797860341838e+00,3.458871378151427312e+00,1.796368499382681172e+00
3.143599999999999994e+01,4.730900000000000105e+00,2.746896362304687500e+01,4.155997753143310547e+00,nan,nan,5.326253804993825725e+00,3.506977929321776433e+00,1.819280465229696553e+00
3.386400000000000432e+01,5.020500000000000185e+00,2.747001457214355469e+01,4.155662059783935547e+00,nan,nan,5.441298398804860881e+00,3.585396482197295231e+00,1.855905910118765156e+00
3.343900000000000006e+01,4.943299999999999805e+00,2.746833419799804688e+01,4.154990196228027344e+00,nan,nan,5.414077434373098185e+00,3.569146587101470036e+00,1.844940145596212666e+00
3.003999999999999915e+01,4.054999999999999716e+00,2.744848823547363281e+01,4.132912158966064453e+00,nan,nan,5.271408352685170939e+00,3.478996290413390202e+00,1.792418916805929463e+00
2.560999999999999943e+01,2.741999999999999993e+00,2.745270919799804688e+01,4.135017871856689453e+00,nan,nan,5.429785523247915080e+00,3.468563987461577458e+00,1.961248596295065205e+00
1.990500000000000114e+01,1.370999999999999996e+00,2.744275283813476562e+01,4.125788211822509766e+00,nan,nan,6.088612351250844767e+00,3.635020567623625798e+00,2.453984101399130147e+00
2.494300000000000139e+01,2.935099999999999820e+00,2.745355224609375000e+01,4.135465621948242188e+00,nan,nan,5.395059857201772502e+00,3.477592958656798405e+00,1.917498071774191182e+00
2.749099999999999966e+01,3.417800000000000171e+00,2.746100044250488281e+01,4.142920017242431641e+00,nan,nan,5.295473847222524455e+00,3.458070947376738591e+00,1.837404151543325703e+00
3.003999999999999915e+01,4.306000000000000050e+00,2.746862220764160156e+01,4.155051231384277344e+00,nan,nan,5.270903143716054728e+00,3.478501273838530583e+00,1.792406936272329609e+00
3.089000000000000057e+01,4.383300000000000196e+00,2.746904945373535156e+01,4.155956268310546875e+00,nan,nan,5.289477858376699260e+00,3.494494868961821599e+00,1.794987757786459248e+00
2.864400000000000190e+01,4.113000000000000433e+00,2.746913146972656250e+01,4.156080245971679688e+00,nan,nan,5.253201279473501017e+00,3.462448491302977605e+00,1.790758391007131856e+00
2.512500000000000000e+01,3.379199999999999982e+00,2.746892547607421875e+01,4.155868053436279297e+00,nan,nan,5.318171772790151408e+00,3.475058390347014470e+00,1.843118031605428975e+00
2.069400000000000261e+01,2.741999999999999993e+00,2.746735572814941406e+01,4.154163837432861328e+00,nan,nan,5.565920624566274455e+00,3.600904597488890690e+00,1.965049703701681416e+00
1.851000000000000156e+01,2.413699999999999957e+00,2.745701980590820312e+01,4.145428657531738281e+00,nan,nan,5.760418209862905314e+00,3.707388831821929021e+00,2.053249676808065693e+00
1.911700000000000088e+01,2.703300000000000036e+00,2.745294761657714844e+01,4.143154621124267578e+00,nan,nan,5.646623644662099650e+00,3.674484206882964177e+00,1.972308357342428486e+00
2.482099999999999795e+01,3.688099999999999934e+00,2.746199798583984375e+01,4.150466442108154297e+00,nan,nan,5.289077434373098185e+00,3.479675664154540105e+00,1.809413512333578389e+00
3.034400000000000119e+01,4.518500000000000405e+00,2.746789360046386719e+01,4.155226707458496094e+00,nan,nan,5.286064657998281291e+00,3.483911229816924138e+00,1.802160819157308858e+00
3.343900000000000006e+01,5.097699999999999676e+00,2.746895599365234375e+01,4.156040668487548828e+00,nan,nan,5.437019142937856486e+00,3.569033219067107243e+00,1.867991407498068135e+00
3.374199999999999733e+01,5.001199999999999868e+00,2.746903228759765625e+01,4.155865192413330078e+00,nan,nan,5.433410796952443889e+00,3.580548598019133610e+00,1.852866907700247090e+00
3.137500000000000000e+01,4.576399999999999579e+00,2.746754455566406250e+01,4.153982639312744141e+00,nan,nan,5.311725411248403361e+00,3.505562915054808659e+00,1.806171079262441914e+00
2.658099999999999952e+01,3.282599999999999962e+00,2.732183647155761719e+01,4.034808635711669922e+00,nan,nan,5.303622636628347209e+00,3.460167957989226384e+00,1.843455632313436787e+00
2.172599999999999909e+01,1.969599999999999795e+00,2.731424331665039062e+01,4.022817134857177734e+00,nan,nan,5.715874228310781291e+00,3.555721475330840153e+00,2.160746415241903584e+00
1.857000000000000028e+01,1.409600000000000186e+00,2.743246650695800781e+01,4.118060111999511719e+00,nan,nan,6.134099516701894572e+00,3.702738835064421696e+00,2.431903918369955342e+00
2.105900000000000105e+01,2.278500000000000192e+00,2.746751594543457031e+01,4.153674602508544922e+00,nan,nan,5.683981213402944377e+00,3.585880233494292302e+00,2.098124344929403584e+00
2.639900000000000091e+01,3.417800000000000171e+00,2.746899032592773438e+01,4.155992984771728516e+00,nan,nan,5.299404892754751017e+00,3.461460842339049382e+00,1.837948520764059346e+00
2.961499999999999844e+01,4.190199999999999925e+00,2.746900558471679688e+01,4.156029701232910156e+00,nan,nan,5.262638006043630412e+00,3.472251607624541325e+00,1.790390213116354268e+00
3.022199999999999775e+01,4.306000000000000050e+00,2.746871376037597656e+01,4.156043052673339844e+00,nan,nan,5.274081263375478557e+00,3.481684757915984196e+00,1.792401154621786397e+00
2.864400000000000190e+01,4.093600000000000350e+00,2.746562194824218750e+01,4.154025554656982422e+00,nan,nan,5.252869281602102092e+00,3.462234510628233952e+00,1.790638883694357197e+00
2.815900000000000247e+01,3.881200000000000205e+00,2.744464683532714844e+01,4.142771720886230469e+00,nan,nan,5.256364617181020549e+00,3.459604455677519841e+00,1.796762128456777852e+00
2.621699999999999875e+01,3.842600000000000016e+00,2.745597267150878906e+01,4.149847984313964844e+00,nan,nan,5.261398467850881389e+00,3.462729169575224919e+00,1.798674722298330586e+00
2.324300000000000210e+01,3.128200000000000092e+00,2.746817970275878906e+01,4.155641555786132812e+00,nan,nan,5.396177205872731975e+00,3.513536645618926091e+00,1.882647951229757588e+00
2.172599999999999909e+01,2.877099999999999991e+00,2.746894073486328125e+01,4.156281471252441406e+00,nan,nan,5.494666490388112834e+00,3.560934437958251042e+00,1.933740993126577656e+00
2.366800000000000281e+01,3.012300000000000200e+00,2.746992301940917969e+01,4.156748771667480469e+00,nan,nan,5.408435020280080607e+00,3.503251566139708562e+00,1.905193765743917744e+00
2.803800000000000026e+01,3.707500000000000018e+00,2.750207328796386719e+01,4.162996292114257812e+00,nan,nan,5.267459902596669963e+00,3.458994998184691472e+00,1.808469434364980977e+00
3.167900000000000205e+01,4.248099999999999987e+00,2.754190826416015625e+01,4.172163486480712891e+00,nan,nan,5.302773628068166545e+00,3.511682166306029362e+00,1.791095693691915791e+00
3.325699999999999790e+01,4.363999999999999879e+00,2.748640060424804688e+01,4.162185192108154297e+00,nan,nan,5.355806860757070353e+00,3.561783744541655583e+00,1.794038494213766377e+00
3.204299999999999926e+01,4.460499999999999687e+00,2.746255302429199219e+01,4.152123928070068359e+00,nan,nan,5.322394404244619182e+00,3.523321642128478093e+00,1.799099345787710469e+00
3.010099999999999909e+01,3.997100000000000097e+00,2.746041107177734375e+01,4.148995876312255859e+00,nan,nan,5.272659215760427287e+00,3.479665769783507390e+00,1.792993445976919453e+00
2.573099999999999810e+01,3.243999999999999773e+00,2.746516418457031250e+01,4.152752876281738281e+00,nan,nan,5.330111775231557658e+00,3.467303706852446599e+00,1.862820346935934346e+00
2.190800000000000125e+01,2.645399999999999974e+00,2.746635627746582031e+01,4.154824256896972656e+00,nan,nan,5.543906960320668986e+00,3.554198576656828923e+00,1.989745219334310811e+00
1.984499999999999886e+01,2.548900000000000166e+00,2.736509323120117188e+01,4.108548641204833984e+00,nan,nan,5.638396534753042033e+00,3.634498550144682927e+00,2.004561026676840108e+00
2.124099999999999966e+01,2.741999999999999993e+00,2.742023658752441406e+01,4.129619598388671875e+00,nan,nan,5.536363754105764201e+00,3.577028586117278142e+00,1.959548075779623311e+00
2.451800000000000068e+01,3.552999999999999936e+00,2.745653343200683594e+01,4.149763107299804688e+00,nan,nan,5.306406769585805705e+00,3.484837545601378483e+00,1.821581800564474385e+00
2.912999999999999901e+01,4.248099999999999987e+00,2.746858596801757812e+01,4.155905723571777344e+00,nan,nan,5.257462653947072795e+00,3.466499699799071355e+00,1.790966947659200947e+00
3.252799999999999869e+01,4.885299999999999976e+00,2.746897506713867188e+01,4.155921459197998047e+00,nan,nan,5.374524268937307170e+00,3.537666095940123601e+00,1.836862881764120381e+00
3.368199999999999505e+01,4.943299999999999805e+00,2.746910476684570312e+01,4.155891418457031250e+00,nan,nan,5.422808561158376506e+00,3.578216923920165105e+00,1.844596226795858662e+00
3.095100000000000051e+01,4.402599999999999625e+00,2.746903610229492188e+01,4.155935287475585938e+00,nan,nan,5.291446599793630412e+00,3.495749606338988347e+00,1.795701344593710225e+00
2.506400000000000006e+01,3.321299999999999919e+00,2.746701240539550781e+01,4.152613639831542969e+00,nan,nan,5.327027592492299846e+00,3.475895477978240056e+00,1.851140757187551777e+00
2.020899999999999963e+01,2.220600000000000129e+00,2.743956375122070312e+01,4.122412681579589844e+00,nan,nan,5.728313956093984416e+00,3.620899333206664128e+00,2.107697566136068623e+00
1.923799999999999955e+01,1.390299999999999869e+00,2.740721702575683594e+01,4.094520092010498047e+00,nan,nan,6.094996008706289103e+00,3.666017128674040837e+00,2.429709275349325459e+00
2.160500000000000043e+01,2.703300000000000036e+00,2.746498870849609375e+01,4.150383949279785156e+00,nan,nan,5.538806233239370158e+00,3.564916207043181462e+00,1.973933418377584736e+00
2.615599999999999881e+01,3.495000000000000107e+00,2.746899414062500000e+01,4.155881881713867188e+00,nan,nan,5.291837963891225627e+00,3.463293089119444890e+00,1.828549106701559346e+00
2.973699999999999832e+01,4.479800000000000004e+00,2.746899795532226562e+01,4.156000614166259766e+00,nan,nan,5.273493680787282756e+00,3.473969771114836735e+00,1.799528499230093281e+00
3.022199999999999775e+01,4.692199999999999704e+00,2.746718788146972656e+01,4.154533386230468750e+00,nan,nan,5.297490272355275920e+00,3.481693281380187077e+00,1.815805454834646504e+00
2.834099999999999753e+01,4.248099999999999987e+00,2.746628952026367188e+01,4.153307437896728516e+00,nan,nan,5.251773986649709514e+00,3.460338665691863103e+00,1.791441460236257832e+00
2.548900000000000077e+01,3.688099999999999934e+00,2.745897674560546875e+01,4.147533416748046875e+00,nan,nan,5.279372129273610881e+00,3.470018400398741765e+00,1.809365947827047627e+00
2.233300000000000196e+01,3.475699999999999790e+00,2.744419479370117188e+01,4.137685775756835938e+00,nan,nan,5.368904146981435588e+00,3.539380683151732487e+00,1.829583187683767598e+00
2.039099999999999824e+01,2.896399999999999864e+00,2.745724868774414062e+01,4.146959304809570312e+00,nan,nan,5.541062507462697795e+00,3.613537921158324284e+00,1.927616913899130147e+00
2.136199999999999832e+01,2.935099999999999820e+00,2.746869468688964844e+01,4.155710220336914062e+00,nan,nan,5.495602760148244670e+00,3.574496580807219548e+00,1.921116490944570820e+00
2.427499999999999858e+01,3.321299999999999919e+00,2.746896743774414062e+01,4.155984401702880859e+00,nan,nan,5.341002974343496135e+00,3.489702417103301091e+00,1.851305564030355733e+00
2.912999999999999901e+01,4.132299999999999862e+00,2.746940803527832031e+01,4.156053066253662109e+00,nan,nan,5.256987604928212932e+00,3.466548992840300603e+00,1.790443022831625264e+00
3.216400000000000148e+01,4.672900000000000276e+00,2.746872901916503906e+01,4.155137062072753906e+00,nan,nan,5.341189179253774455e+00,3.526957823483000798e+00,1.814239163979238789e+00
3.210399999999999920e+01,4.595699999999999896e+00,2.745795059204101562e+01,4.141667842864990234e+00,nan,nan,5.334460887742238810e+00,3.525217248646269841e+00,1.809274871929830830e+00
3.052599999999999980e+01,4.228799999999999670e+00,2.744990348815917969e+01,4.130896091461181641e+00,nan,nan,5.280128035378652385e+00,3.487473501411925358e+00,1.792670746430105488e+00
2.779500000000000171e+01,3.128200000000000092e+00,2.746037101745605469e+01,4.142047405242919922e+00,nan,nan,5.339673790765004924e+00,3.458408369270812077e+00,1.881260831936544697e+00
2.372899999999999920e+01,2.683999999999999719e+00,2.746892738342285156e+01,4.155733585357666016e+00,nan,nan,5.481363687348562053e+00,3.501481069771300358e+00,1.979886372669882100e+00
2.051199999999999690e+01,2.336500000000000021e+00,2.746902465820312500e+01,4.155977249145507812e+00,nan,nan,5.688849005532460978e+00,3.608774973598967595e+00,2.080081184490865986e+00
1.990500000000000114e+01,2.413699999999999957e+00,2.746901130676269531e+01,4.156014442443847656e+00,nan,nan,5.692193302941518596e+00,3.636208845821867985e+00,2.055995543583578389e+00
2.300099999999999767e+01,3.108900000000000219e+00,2.746829605102539062e+01,4.155674934387207031e+00,nan,nan,5.406526598763662150e+00,3.520233167854796452e+00,1.886300106629080098e+00
2.658099999999999952e+01,3.823300000000000143e+00,2.744953918457031250e+01,4.144679546356201172e+00,nan,nan,5.260323319268422892e+00,3.460418476311217351e+00,1.799911876305288594e+00
2.852300000000000324e+01,4.054999999999999716e+00,2.734847068786621094e+01,4.096264839172363281e+00,nan,nan,5.254523310494619182e+00,3.462593807426940007e+00,1.791938801392263692e+00
2.998000000000000043e+01,4.692199999999999704e+00,2.736592674255371094e+01,4.101991176605224609e+00,nan,nan,5.301683578324514201e+00,3.479546381680022282e+00,1.822225769146627705e+00
3.161800000000000210e+01,4.692199999999999704e+00,2.745500183105468750e+01,4.147352695465087891e+00,nan,nan,5.328522357773977092e+00,3.511949075905333562e+00,1.816603322609609883e+00
2.330400000000000205e+01,2.973700000000000010e+00,2.746899032592773438e+01,4.155969619750976562e+00,nan,nan,5.424544009995656779e+00,3.511953069416533513e+00,1.912596185787863057e+00
1.341200000000000081e+01,1.737899999999999778e+00,2.746868324279785156e+01,4.155580520629882812e+00,nan,nan,6.375529560876088908e+00,4.073674871174345569e+00,2.301891048535055440e+00
1.316900000000000048e+01,1.351700000000000124e+00,2.746878433227539062e+01,4.155611515045166016e+00,nan,nan,6.573491606545644572e+00,4.095160676685820178e+00,2.478373487576193135e+00
2.427499999999999858e+01,3.688099999999999934e+00,2.746884727478027344e+01,4.155761241912841797e+00,nan,nan,5.299146089387136271e+00,3.489693297592650456e+00,1.809457321747488301e+00
3.841499999999999915e+01,5.696299999999999919e+00,2.746903610229492188e+01,4.156043529510498047e+00,nan,nan,5.829380783868032267e+00,3.831340505329619450e+00,1.998050411328024190e+00
4.278499999999999659e+01,6.719800000000000217e+00,2.747206687927246094e+01,4.156548500061035156e+00,nan,nan,6.553810391259389689e+00,4.188560201374540881e+00,2.365291317089742940e+00
3.695900000000000318e+01,5.329500000000000348e+00,2.746899223327636719e+01,4.155969142913818359e+00,nan,nan,5.649421486687856486e+00,3.738583995548735661e+00,1.910843809231466572e+00
2.257600000000000051e+01,2.239900000000000002e+00,2.746812248229980469e+01,4.154366970062255859e+00,nan,nan,5.643653187585073283e+00,3.532479299751769108e+00,2.111192305668539326e+00
1.140900000000000247e+01,-6.565300000000000580e-01,2.746669769287109375e+01,4.152249813079833984e+00,nan,nan,8.073818239999013713e+00,4.261472059933195666e+00,3.812696893795675557e+00
1.401900000000000013e+01,4.441199999999994041e-01,2.746895599365234375e+01,4.155855655670166016e+00,nan,nan,7.017792258095937541e+00,4.021666003910551623e+00,2.996142585858053486e+00
2.925099999999999767e+01,3.823300000000000143e+00,2.746898841857910156e+01,4.155973911285400391e+00,nan,nan,5.267722997498708537e+00,3.467791690079222722e+00,1.799934824093527119e+00
3.568399999999999750e+01,5.310200000000000031e+00,2.746899604797363281e+01,4.155977725982666016e+00,nan,nan,5.575083765816884807e+00,3.668223215786467595e+00,1.906866629704183858e+00
3.271099999999999852e+01,4.750200000000000422e+00,2.746896362304687500e+01,4.155920505523681641e+00,nan,nan,5.364719185662465861e+00,3.543543769566069646e+00,1.821179767235464375e+00
2.730900000000000105e+01,3.823300000000000143e+00,2.746714401245117188e+01,4.154209136962890625e+00,nan,nan,5.258056077790456584e+00,3.458003951756011052e+00,1.800056417568868916e+00
2.045200000000000173e+01,2.741999999999999993e+00,2.746800613403320312e+01,4.154951572418212891e+00,nan,nan,5.576393518281179240e+00,3.611309422699461980e+00,1.965102394207662861e+00
1.638599999999999923e+01,1.892300000000000093e+00,2.746886253356933594e+01,4.155783176422119141e+00,nan,nan,6.079418930840688517e+00,3.840704633442412419e+00,2.238726695164388936e+00
2.512500000000000000e+01,3.108900000000000219e+00,2.746916007995605469e+01,4.156125068664550781e+00,nan,nan,5.361702475381093791e+00,3.475234700886260075e+00,1.886473854168600361e+00
3.744400000000000261e+01,5.657700000000000173e+00,2.764697647094726562e+01,4.190818309783935547e+00,nan,nan,5.736370596718984416e+00,3.757605387417326970e+00,1.979178269489950459e+00
4.072099999999999653e+01,6.352899999999999991e+00,2.752728652954101562e+01,4.174109935760498047e+00,nan,nan,6.205451998543935588e+00,4.000396563259611682e+00,2.205943425282186787e+00
3.701899999999999835e+01,5.271499999999999631e+00,2.747050285339355469e+01,4.156955718994140625e+00,nan,nan,5.641071591210561564e+00,3.742048813549529118e+00,1.899070461376852315e+00
2.597400000000000020e+01,3.108900000000000219e+00,2.746855354309082031e+01,4.155729770660400391e+00,nan,nan,5.351298127007680705e+00,3.464952363220702214e+00,1.886352260693258565e+00
1.535400000000000098e+01,1.158599999999999852e+00,2.746634101867675781e+01,4.154222011566162109e+00,nan,nan,6.490584168267446330e+00,3.915108396259795231e+00,2.575621207340902608e+00
1.365499999999999936e+01,1.332399999999999807e+00,2.699014091491699219e+01,3.978125333786010742e+00,nan,nan,6.409484419655996135e+00,4.012085630146513537e+00,2.402313430889791768e+00
2.233300000000000196e+01,2.915799999999999947e+00,2.746646690368652344e+01,4.153847694396972656e+00,nan,nan,5.464634332490163615e+00,3.540029181686888737e+00,1.924634655102438252e+00
3.301400000000000290e+01,4.692199999999999704e+00,2.746894645690917969e+01,4.155944824218750000e+00,nan,nan,5.369127306771474650e+00,3.553721679893981023e+00,1.815409739597982686e+00
3.890099999999999625e+01,5.947400000000000020e+00,2.746906280517578125e+01,4.156004428863525391e+00,nan,nan,5.936347040963369182e+00,3.865192844120513005e+00,2.071164568051046651e+00
3.762599999999999767e+01,5.561200000000000365e+00,2.746897697448730469e+01,4.155971527099609375e+00,nan,nan,5.742487702202993205e+00,3.779410673824797673e+00,1.963084419354147236e+00
2.397199999999999775e+01,2.993000000000000327e+00,2.746898269653320312e+01,4.155947208404541016e+00,nan,nan,5.404624495339589885e+00,3.496001435963164372e+00,1.908627470120138447e+00
1.359399999999999942e+01,5.020500000000001073e-01,2.746833992004394531e+01,4.154606819152832031e+00,nan,nan,7.015344652962880900e+00,4.057804538456450061e+00,2.957632263287252705e+00
1.517200000000000060e+01,4.248099999999999099e-01,2.746879005432128906e+01,4.155460834503173828e+00,nan,nan,6.937397274804311564e+00,3.929136587826262517e+00,3.008295496090597432e+00
2.688500000000000156e+01,3.359900000000000109e+00,2.746899986267089844e+01,4.155965805053710938e+00,nan,nan,5.304731521439748576e+00,3.458972467628966374e+00,1.845762868508047383e+00
3.580599999999999739e+01,5.677000000000000490e+00,2.746900367736816406e+01,4.155978679656982422e+00,nan,nan,5.667295250725942424e+00,3.674522830692778630e+00,1.992779691799825947e+00
3.477400000000000091e+01,5.464599999999999902e+00,2.746813011169433594e+01,4.154991149902343750e+00,nan,nan,5.565030846429067424e+00,3.624438716618071599e+00,1.940603395088857930e+00
2.688500000000000156e+01,4.035700000000000287e+00,2.746864128112792969e+01,4.155447006225585938e+00,nan,nan,5.250582012963491252e+00,3.458956195560942692e+00,1.791630168541616719e+00
1.887400000000000233e+01,2.645399999999999974e+00,2.746768569946289062e+01,4.154417514801025391e+00,nan,nan,5.677737507653432658e+00,3.688048912731658024e+00,1.989725669010824483e+00
1.426200000000000045e+01,1.621999999999999886e+00,2.746898460388183594e+01,4.155960083007812500e+00,nan,nan,6.353735241723256877e+00,4.001474215237150744e+00,2.352276881321615498e+00
2.251500000000000057e+01,2.761299999999999866e+00,2.746805763244628906e+01,4.156030178070068359e+00,nan,nan,5.498013052773671916e+00,3.536045684067259831e+00,1.961989601238912861e+00
3.580599999999999739e+01,5.155700000000000394e+00,2.746896553039550781e+01,4.155974388122558594e+00,nan,nan,5.552251372170644572e+00,3.674514724461089177e+00,1.877742071732229512e+00
4.150999999999999801e+01,6.449399999999999800e+00,2.746901702880859375e+01,4.155964851379394531e+00,nan,nan,6.322934422326284221e+00,4.072297169415007190e+00,2.250652273281759541e+00
3.677700000000000102e+01,5.387400000000000411e+00,2.746825408935546875e+01,4.154036045074462891e+00,nan,nan,5.651605877709585002e+00,3.727966143337737126e+00,1.923658271416372578e+00
2.621699999999999875e+01,2.741999999999999993e+00,2.746912574768066406e+01,4.155794143676757812e+00,nan,nan,5.428108963799672892e+00,3.462834908215056462e+00,1.965277035816854756e+00
1.444400000000000084e+01,4.441199999999994041e-01,2.746898651123046875e+01,4.155966281890869141e+00,nan,nan,6.982830796075063517e+00,3.986602141109953923e+00,2.996250351055807393e+00
1.183400000000000141e+01,9.654799999999998938e-01,2.746900558471679688e+01,4.155984878540039062e+00,nan,nan,6.900905403924184611e+00,4.219711734501371936e+00,2.681220610722250264e+00
2.203000000000000114e+01,3.263300000000000090e+00,2.746857643127441406e+01,4.155498504638671875e+00,nan,nan,5.410191569161611369e+00,3.550143195835600896e+00,1.860054691418356221e+00
3.058599999999999852e+01,4.827399999999999913e+00,2.746787071228027344e+01,4.154623031616210938e+00,nan,nan,5.318419728112417033e+00,3.488314999786864323e+00,1.830113430603689473e+00
3.252799999999999869e+01,5.329500000000000348e+00,2.746875572204589844e+01,4.155637741088867188e+00,nan,nan,5.448580417466359904e+00,3.537675930706511540e+00,1.910911281689352315e+00
3.544100000000000250e+01,5.406699999999999839e+00,2.746882820129394531e+01,4.155742645263671875e+00,nan,nan,5.583201441598134807e+00,3.655967308727751774e+00,1.927242596729940693e+00
2.743099999999999739e+01,3.977799999999999780e+00,2.746894645690917969e+01,4.155855655670166016e+00,nan,nan,5.251062664818960002e+00,3.457947923389922185e+00,1.793119152172750752e+00
1.687099999999999866e+01,1.795799999999999841e+00,2.746874809265136719e+01,4.155620098114013672e+00,nan,nan,6.085719141793447307e+00,3.808019115177641911e+00,2.277715046986288350e+00
1.711400000000000077e+01,1.679899999999999949e+00,2.746900939941406250e+01,4.155970573425292969e+00,nan,nan,6.118951830697255900e+00,3.792058779446135564e+00,2.326905329807943623e+00
2.998000000000000043e+01,3.282599999999999962e+00,2.747194290161132812e+01,4.156646728515625000e+00,nan,nan,5.334663185906606486e+00,3.477531685081969304e+00,1.857129891499227803e+00
3.926500000000000057e+01,5.503199999999999648e+00,2.746899986267089844e+01,4.155948162078857422e+00,nan,nan,5.840644154381948283e+00,3.891543580738554997e+00,1.949106712921804707e+00
3.835399999999999920e+01,5.387400000000000411e+00,2.746899795532226562e+01,4.156004905700683594e+00,nan,nan,5.750103506875234416e+00,3.827149345127593083e+00,1.922964115723318379e+00
3.046499999999999986e+01,4.113000000000000433e+00,2.746900177001953125e+01,4.156016349792480469e+00,nan,nan,5.276288661790090373e+00,3.485868825165282292e+00,1.790423114880270283e+00
1.935900000000000176e+01,1.931000000000000050e+00,2.746825218200683594e+01,4.155368328094482422e+00,nan,nan,5.886329445672231486e+00,3.662958337513457341e+00,2.223383863552755635e+00
1.213700000000000223e+01,1.081299999999999706e+00,2.746726417541503906e+01,4.154253959655761719e+00,nan,nan,6.806842360329824260e+00,4.190298868862639026e+00,2.616662939175314229e+00
1.875199999999999889e+01,2.471600000000000019e+00,2.746841239929199219e+01,4.155662059783935547e+00,nan,nan,5.733274254632192424e+00,3.694721771923552556e+00,2.038562973126119893e+00
3.471300000000000097e+01,4.981900000000000439e+00,2.746910667419433594e+01,4.155971527099609375e+00,nan,nan,5.471459421944814494e+00,3.621448470798979802e+00,1.850015779122061055e+00
4.503000000000000114e+01,6.893500000000000405e+00,2.746898841857910156e+01,4.156000137329101562e+00,nan,nan,6.865145954919057658e+00,4.418985320774565295e+00,2.446193893536276143e+00
4.157100000000000506e+01,6.101799999999999891e+00,2.746897888183593750e+01,4.155936717987060547e+00,nan,nan,6.199319395852285197e+00,4.077664329258452014e+00,2.121664841755575459e+00
3.010099999999999909e+01,3.437100000000000044e+00,2.746895027160644531e+01,4.155843734741210938e+00,nan,nan,5.314971480202871135e+00,3.479482485500823064e+00,1.835491736515707295e+00
1.668900000000000006e+01,6.179100000000006254e-01,2.746894264221191406e+01,4.155981063842773438e+00,nan,nan,6.705931935143667033e+00,3.820054008213530583e+00,2.885893662556356709e+00
1.177299999999999791e+01,4.634299999999997866e-01,2.746867942810058594e+01,4.156094551086425781e+00,nan,nan,7.209057841134267619e+00,4.225581838337431506e+00,2.983497341259664815e+00
2.160500000000000043e+01,2.857800000000000118e+00,2.743898582458496094e+01,4.140846729278564453e+00,nan,nan,5.498994979691701701e+00,3.564103199688445134e+00,1.935042043312734883e+00
3.222500000000000142e+01,4.923999999999999488e+00,2.742257690429687500e+01,4.131868839263916016e+00,nan,nan,5.376261505913930705e+00,3.529979302135954899e+00,1.846426208599752705e+00
3.258899999999999864e+01,5.136400000000000077e+00,2.746902465820312500e+01,4.156007289886474609e+00,nan,nan,5.414691004586416057e+00,3.539868308750639958e+00,1.874831219299978535e+00
2.973699999999999832e+01,4.846700000000000230e+00,2.746835327148437500e+01,4.155295848846435547e+00,nan,nan,5.306120071244436076e+00,3.473959340302001042e+00,1.832166691406912129e+00
1.808500000000000085e+01,1.776499999999999968e+00,2.746899604797363281e+01,4.155977249145507812e+00,nan,nan,6.018171343636709025e+00,3.732330514637480778e+00,2.285851915463156026e+00
1.225900000000000034e+01,1.274399999999999977e+00,2.746849632263183594e+01,4.155367851257324219e+00,nan,nan,6.695450339150625041e+00,4.178795172420988635e+00,2.516698201283163350e+00
1.808500000000000085e+01,2.336500000000000021e+00,2.746422004699707031e+01,4.151533603668212891e+00,nan,nan,5.810860667062001994e+00,3.732065750805388493e+00,2.078974326237386983e+00
2.749099999999999966e+01,4.016399999999999970e+00,2.746508026123046875e+01,4.152288913726806641e+00,nan,nan,5.250205192399221232e+00,3.457915260044585271e+00,1.792294879540151875e+00
3.720100000000000051e+01,5.889400000000000190e+00,2.746863937377929688e+01,4.155580520629882812e+00,nan,nan,5.806490454507070353e+00,3.753098680225859685e+00,2.053405721768087666e+00
4.017499999999999716e+01,6.217699999999999783e+00,2.746898651123046875e+01,4.155985355377197266e+00,nan,nan,6.123345885110097697e+00,3.961032463757048649e+00,2.162326534374899190e+00
3.076900000000000190e+01,4.402599999999999625e+00,2.746897888183593750e+01,4.155954837799072266e+00,nan,nan,5.287506255936818889e+00,3.491868926731596989e+00,1.795641441925710957e+00
1.790299999999999869e+01,1.699200000000000266e+00,2.746860694885253906e+01,4.155546665191650391e+00,nan,nan,6.061414275002675822e+00,3.743057681766997380e+00,2.318382700070089619e+00
1.383699999999999974e+01,5.986000000000002430e-01,2.746892166137695312e+01,4.155746459960937500e+00,nan,nan,6.934770855736928752e+00,4.037023975101957873e+00,2.897766073330587666e+00
2.294000000000000128e+01,2.181999999999999940e+00,2.746897888183593750e+01,4.155928134918212891e+00,nan,nan,5.653117928338247111e+00,3.521813465801726384e+00,2.131308396443075459e+00
3.404599999999999937e+01,4.692199999999999704e+00,2.746898460388183594e+01,4.155967712402343750e+00,nan,nan,5.408096585107045939e+00,3.592705442158232731e+00,1.815395136460012715e+00
3.695900000000000318e+01,5.252200000000000202e+00,2.746899032592773438e+01,4.155986785888671875e+00,nan,nan,5.633983883691030314e+00,3.738569452015410466e+00,1.895420749767965596e+00
3.010099999999999909e+01,4.113000000000000433e+00,2.746893501281738281e+01,4.156034469604492188e+00,nan,nan,5.270143899750905803e+00,3.479595138279448552e+00,1.790552933796591084e+00
2.148300000000000054e+01,3.166799999999999837e+00,2.746582221984863281e+01,4.153537273406982422e+00,nan,nan,5.445116314721303752e+00,3.569463743416319890e+00,1.875675697907156270e+00
1.517200000000000060e+01,1.795799999999999841e+00,2.745401763916015625e+01,4.147438049316406250e+00,nan,nan,6.202319893670278361e+00,3.928058578220854802e+00,2.274391849621481221e+00
1.990500000000000114e+01,2.278500000000000192e+00,2.746898078918457031e+01,4.155996322631835938e+00,nan,nan,5.735046896767812541e+00,3.636221482006560368e+00,2.098833878620809834e+00
3.410600000000000165e+01,4.653599999999999959e+00,2.746902656555175781e+01,4.156023025512695312e+00,nan,nan,5.407084021401601603e+00,3.595175935474883122e+00,1.811912556275076192e+00
4.272399999999999665e+01,6.352899999999999991e+00,2.746966934204101562e+01,4.156192302703857422e+00,nan,nan,6.395676646065908244e+00,4.183084918705473498e+00,2.212620576008505147e+00
4.029599999999999937e+01,6.043899999999999828e+00,2.746839714050292969e+01,4.154801845550537109e+00,nan,nan,6.073277268243032267e+00,3.970708562580596013e+00,2.102580626591390889e+00
3.222500000000000142e+01,4.093600000000000350e+00,2.746897888183593750e+01,4.155941486358642578e+00,nan,nan,5.318984780144887736e+00,3.528392507282744450e+00,1.790595253094381611e+00
1.887400000000000233e+01,1.699200000000000266e+00,2.746570587158203125e+01,4.155264854431152344e+00,nan,nan,6.006573948693471721e+00,3.688376261440764470e+00,2.318234999760336201e+00
1.395800000000000018e+01,8.882399999999992524e-01,2.745240020751953125e+01,4.146578311920166016e+00,nan,nan,6.743662867379384807e+00,4.025391890255461291e+00,2.718945224865621846e+00
1.838799999999999812e+01,2.297800000000000065e+00,2.580378723144531250e+01,3.624885559082031250e+00,nan,nan,5.589814696145253947e+00,3.636470510212431950e+00,1.956183632000631611e+00
2.821999999999999886e+01,4.035700000000000287e+00,2.746579933166503906e+01,4.153298854827880859e+00,nan,nan,5.251668963265615275e+00,3.459697081295500798e+00,1.791976829155630391e+00
3.307500000000000284e+01,4.923999999999999488e+00,2.746895599365234375e+01,4.155947208404541016e+00,nan,nan,5.397826585602956584e+00,3.555864764896880192e+00,1.841966708286947529e+00
3.550199999999999534e+01,5.290799999999999947e+00,2.746895980834960938e+01,4.155973911285400391e+00,nan,nan,5.561994228196340373e+00,3.659008099285613103e+00,1.902991970165914815e+00
3.137500000000000000e+01,4.518500000000000405e+00,2.747091102600097656e+01,4.156304836273193359e+00,nan,nan,5.307539377045827678e+00,3.505546106544981999e+00,1.801998575314230244e+00
1.857000000000000028e+01,2.104800000000000004e+00,2.746912384033203125e+01,4.155926227569580078e+00,nan,nan,5.863433155846792033e+00,3.704834295956145329e+00,2.158608992680258076e+00
1.292599999999999838e+01,6.179100000000006254e-01,2.746866416931152344e+01,4.155153751373291016e+00,nan,nan,7.002080950570302775e+00,4.116977884022245959e+00,2.885154088123983662e+00
2.245400000000000063e+01,1.332399999999999807e+00,2.746852111816406250e+01,4.154294967651367188e+00,nan,nan,6.023444447350698283e+00,3.536327971664916081e+00,2.487123926266378682e+00
3.283200000000000074e+01,4.421899999999999942e+00,2.746902656555175781e+01,4.155942916870117188e+00,nan,nan,5.344230327439504435e+00,3.547611846176634831e+00,1.796622593983358662e+00
3.714099999999999824e+01,5.657700000000000173e+00,2.746954154968261719e+01,4.156197071075439453e+00,nan,nan,5.738492283654409221e+00,3.750026060787688298e+00,1.988482673748678486e+00
3.222500000000000142e+01,4.730900000000000105e+00,2.746900177001953125e+01,4.155983448028564453e+00,nan,nan,5.347609791588979533e+00,3.528400851933013005e+00,1.819213290795034688e+00
2.233300000000000196e+01,2.993000000000000327e+00,2.746892166137695312e+01,4.155793666839599609e+00,nan,nan,5.448777470421987346e+00,3.540126456467162175e+00,1.908656259163564961e+00
1.280499999999999972e+01,1.428900000000000059e+00,2.746892547607421875e+01,4.155831813812255859e+00,nan,nan,6.569151196313100627e+00,4.128030015675077991e+00,2.441140015705770772e+00
1.420099999999999874e+01,1.564099999999999824e+00,2.746894454956054688e+01,4.155881404876708984e+00,nan,nan,6.384728941750722697e+00,4.006510569302092151e+00,2.378231843098348897e+00
2.779500000000000171e+01,4.113000000000000433e+00,2.746903610229492188e+01,4.156044006347656250e+00,nan,nan,5.248974237275319865e+00,3.458351268021117253e+00,1.790627976044363301e+00
4.072099999999999653e+01,6.198400000000000354e+00,2.746961784362792969e+01,4.156140804290771484e+00,nan,nan,6.160490069222646525e+00,4.005143715588102893e+00,2.155363758190817158e+00
4.369500000000000028e+01,6.642500000000000071e+00,2.746903038024902344e+01,4.155998706817626953e+00,nan,nan,6.609775576424794963e+00,4.278385354725370959e+00,2.331411440952963154e+00
3.568399999999999750e+01,4.962600000000000122e+00,2.746899604797363281e+01,4.155827999114990234e+00,nan,nan,5.515593681168752482e+00,3.668254806248198552e+00,1.847343404873556416e+00
2.111899999999999977e+01,1.795799999999999841e+00,2.746896934509277344e+01,4.155637264251708984e+00,nan,nan,5.861276898217397502e+00,3.583571685997496648e+00,2.277707775219625752e+00
1.007400000000000162e+01,-3.282600000000002183e-01,2.746897125244140625e+01,4.155908107757568359e+00,nan,nan,7.951153788399892619e+00,4.400891734806547717e+00,3.550295074566549580e+00
1.450400000000000134e+01,1.332399999999999807e+00,2.746899223327636719e+01,4.155971527099609375e+00,nan,nan,6.469825301003652385e+00,3.981742455212126774e+00,2.488100250347799580e+00
2.858399999999999963e+01,4.054999999999999716e+00,2.746899414062500000e+01,4.155983448028564453e+00,nan,nan,5.252927217316823771e+00,3.461773766724120183e+00,1.791157384499258320e+00
3.483500000000000085e+01,5.329500000000000348e+00,2.746883392333984375e+01,4.155806064605712891e+00,nan,nan,5.538095269036489299e+00,3.627119733540068669e+00,1.910982509239858906e+00
3.283200000000000074e+01,5.329500000000000348e+00,2.746887016296386719e+01,4.155799388885498047e+00,nan,nan,5.458395514321523478e+00,3.547544552532683415e+00,1.910856803044027608e+00
3.095100000000000051e+01,4.344699999999999562e+00,2.746849441528320312e+01,4.155439853668212891e+00,nan,nan,5.289135966134267619e+00,3.495693220345030827e+00,1.793447633370107930e+00
2.105900000000000105e+01,2.857800000000000118e+00,2.746884155273437500e+01,4.155771255493164062e+00,nan,nan,5.523704204392629435e+00,3.585946394649992985e+00,1.937764425858206074e+00
1.547499999999999964e+01,1.602700000000000014e+00,2.746839904785156250e+01,4.155341625213623047e+00,nan,nan,6.266737732720571330e+00,3.906241609303008122e+00,2.360519130810446065e+00
2.342500000000000071e+01,2.780600000000000183e+00,2.747013282775878906e+01,4.156257629394531250e+00,nan,nan,5.464823517632680705e+00,3.508914365021239323e+00,1.955917676075643818e+00
3.720100000000000051e+01,4.827399999999999913e+00,2.816077041625976562e+01,4.265080928802490234e+00,nan,nan,5.539616021943288615e+00,3.717013909069548649e+00,1.823115070446676533e+00
4.053900000000000148e+01,5.870099999999999874e+00,2.747565650939941406e+01,4.158885955810546875e+00,nan,nan,6.036214861703115275e+00,3.989728643147002263e+00,2.046732862576193135e+00
3.629099999999999682e+01,4.962600000000000122e+00,2.746879005432128906e+01,4.155789375305175781e+00,nan,nan,5.547882947755056193e+00,3.700463487354765935e+00,1.847451050862020772e+00
2.476000000000000156e+01,3.128200000000000092e+00,2.746881675720214844e+01,4.155851364135742188e+00,nan,nan,5.363581809830861857e+00,3.480793668476592106e+00,1.882796307190603535e+00
1.426200000000000045e+01,1.428900000000000059e+00,2.744400787353515625e+01,4.143027782440185547e+00,nan,nan,6.433582339120107463e+00,3.999424053875456853e+00,2.434840520008749287e+00
1.292599999999999838e+01,1.235800000000000232e+00,2.746451568603515625e+01,4.152256488800048828e+00,nan,nan,6.650662932229238322e+00,4.116607739178190783e+00,2.534467776402181904e+00
2.300099999999999767e+01,2.741999999999999993e+00,2.746871566772460938e+01,4.155743122100830078e+00,nan,nan,5.485325608086782267e+00,3.520110680309783024e+00,1.965220888241476338e+00
3.653399999999999892e+01,5.677000000000000490e+00,2.746896171569824219e+01,4.155972957611083984e+00,nan,nan,5.706744227242666057e+00,3.713996006695281071e+00,1.992755611523336690e+00
4.345199999999999818e+01,6.603900000000000325e+00,2.746913719177246094e+01,4.156024932861328125e+00,nan,nan,6.568704876733022502e+00,4.253992034641752795e+00,2.314733822926229756e+00
3.780799999999999983e+01,5.696299999999999919e+00,2.746898651123046875e+01,4.155970573425292969e+00,nan,nan,5.788939986062246135e+00,3.791035129276763005e+00,1.997912963017172139e+00
2.263599999999999923e+01,2.433000000000000274e+00,2.746899032592773438e+01,4.155915260314941406e+00,nan,nan,5.580778393578725627e+00,3.530687286106596989e+00,2.050095160587972920e+00
1.268400000000000283e+01,-3.668800000000000949e-01,2.746894645690917969e+01,4.155829906463623047e+00,nan,nan,7.719707522225576213e+00,4.139137102810392932e+00,3.580596883877462666e+00
1.401900000000000013e+01,6.179100000000006254e-01,2.746896743774414062e+01,4.155981540679931641e+00,nan,nan,6.907539162469106486e+00,4.021664096561918811e+00,2.885886867626852315e+00
2.749099999999999966e+01,3.861899999999999888e+00,2.746895980834960938e+01,4.155982971191406250e+00,nan,nan,5.255788001847463420e+00,3.457915975300322575e+00,1.797876258476919453e+00
3.489500000000000313e+01,5.677000000000000490e+00,2.746806526184082031e+01,4.155123233795166016e+00,nan,nan,5.622866186928945353e+00,3.629817558971892399e+00,1.993073542698568623e+00
3.192199999999999704e+01,4.943299999999999805e+00,2.746894836425781250e+01,4.155887603759765625e+00,nan,nan,5.364239249062734416e+00,3.519697858540068669e+00,1.844546099289602559e+00
2.688500000000000156e+01,4.016399999999999970e+00,2.746809959411621094e+01,4.154890060424804688e+00,nan,nan,5.251052412820058635e+00,3.458953572956572575e+00,1.792103369816488545e+00
1.954100000000000037e+01,2.703300000000000036e+00,2.746819114685058594e+01,4.155082702636718750e+00,nan,nan,5.628580841851430705e+00,3.653748108593474431e+00,1.974853952511495869e+00
1.444400000000000084e+01,1.486799999999999677e+00,2.746898460388183594e+01,4.155967712402343750e+00,nan,nan,6.400459561181264689e+00,3.986602021900664372e+00,2.413874109371847432e+00
3.592699999999999960e+01,3.746100000000000207e+00,2.746898651123046875e+01,4.155969619750976562e+00,nan,nan,5.485777411294179728e+00,3.680843664852629704e+00,1.804933448418325703e+00
4.545499999999999829e+01,6.179100000000000037e+00,2.746898460388183594e+01,4.155967712402343750e+00,nan,nan,6.614559683633046916e+00,4.466068579403410510e+00,2.148507197483724873e+00
4.169200000000000017e+01,5.870099999999999874e+00,2.746898460388183594e+01,4.155969142913818359e+00,nan,nan,6.135754618478017619e+00,4.088345004765043811e+00,2.047420342549032490e+00
2.937300000000000111e+01,3.572299999999999809e+00,2.746898460388183594e+01,4.155968666076660156e+00,nan,nan,5.289236936402517131e+00,3.469190193859587712e+00,1.820049782379812520e+00
1.450400000000000134e+01,1.544799999999999951e+00,2.746897315979003906e+01,4.155936241149902344e+00,nan,nan,6.368775877785878947e+00,3.981741143909941716e+00,2.387048323734945576e+00
7.100400000000000489e+00,2.896399999999994535e-01,2.746897697448730469e+01,4.155945777893066406e+00,nan,nan,7.849512133431630900e+00,4.750851227489958362e+00,3.098703821285909932e+00
1.802400000000000091e+01,2.413699999999999957e+00,2.746898460388183594e+01,4.155973911285400391e+00,nan,nan,5.791848931145864299e+00,3.735904528347502751e+00,2.055953939541525166e+00
4.120700000000000074e+01,5.715700000000000003e+00,2.746896362304687500e+01,4.155963897705078125e+00,nan,nan,6.049258980584340861e+00,4.046083761898527698e+00,2.003184040173239033e+00
5.401200000000000045e+01,8.225899999999999324e+00,2.746898460388183594e+01,4.155968666076660156e+00,nan,nan,8.893620524239736369e+00,5.653528525082121448e+00,3.240176876171774190e+00
4.575800000000000267e+01,7.009400000000000297e+00,2.746898460388183594e+01,4.155963897705078125e+00,nan,nan,7.003234419655996135e+00,4.500322534290800647e+00,2.502938826664633076e+00
2.919099999999999895e+01,2.761299999999999866e+00,2.746898460388183594e+01,4.155965328216552734e+00,nan,nan,5.427628788781362346e+00,3.467133356777678532e+00,1.960496624096578877e+00
1.013500000000000156e+01,-5.213600000000004897e-01,2.746898651123046875e+01,4.155970096588134766e+00,nan,nan,8.099479231667714885e+00,4.394290878025541858e+00,3.705235202892965596e+00
8.314199999999999591e+00,-9.654800000000030025e-02,2.746897125244140625e+01,4.155937194824218750e+00,nan,nan,7.974438700509267619e+00,4.601343704906950549e+00,3.373136718853658955e+00
2.342500000000000071e+01,3.224699999999999900e+00,2.746454811096191406e+01,4.152883529663085938e+00,nan,nan,5.374731335473256877e+00,3.508772863594542546e+00,1.865984578713125508e+00
3.428800000000000381e+01,5.406699999999999839e+00,2.746887779235839844e+01,4.155821800231933594e+00,nan,nan,5.530028972459035685e+00,3.602812959400664372e+00,1.927223702057546895e+00
2.737000000000000099e+01,4.499100000000000321e+00,2.746898460388183594e+01,4.155969142913818359e+00,nan,nan,5.258457455468374064e+00,3.457922054974089665e+00,1.800539453610128682e+00
2.882699999999999818e+01,3.900500000000000078e+00,2.746898460388183594e+01,4.155965805053710938e+00,nan,nan,5.259576830697255900e+00,3.463639213291655583e+00,1.795941253288931172e+00
2.658099999999999952e+01,4.132299999999999862e+00,2.746898078918457031e+01,4.155966281890869141e+00,nan,nan,5.250627074074941447e+00,3.460348381248961491e+00,1.790282865151113789e+00
1.323000000000000043e+01,1.448200000000000376e+00,2.746896743774414062e+01,4.155966281890869141e+00,nan,nan,6.521768126321035197e+00,4.089751078335295276e+00,2.432035048588461201e+00
1.268400000000000283e+01,9.268600000000000172e-01,2.746898460388183594e+01,4.155967235565185547e+00,nan,nan,6.842087540459829142e+00,4.139140321461210803e+00,2.702970703228658955e+00
2.749099999999999966e+01,3.263300000000000090e+00,2.746897697448730469e+01,4.155961036682128906e+00,nan,nan,5.317874703240590861e+00,3.457892431465636296e+00,1.859985609635061543e+00
3.538100000000000023e+01,5.580499999999999794e+00,2.746899604797363281e+01,4.155946731567382812e+00,nan,nan,5.620861325097280314e+00,3.652989699093352360e+00,1.967877348049825947e+00
3.738300000000000267e+01,5.831500000000000128e+00,2.746898460388183594e+01,4.155964851379394531e+00,nan,nan,5.800170216393667033e+00,3.764209462849150700e+00,2.035968978985494893e+00
3.155699999999999861e+01,4.286699999999999733e+00,2.746898460388183594e+01,4.155967712402343750e+00,nan,nan,5.301694545579152873e+00,3.509975804535399480e+00,1.791722317322439473e+00
1.978400000000000247e+01,2.066100000000000048e+00,2.746898460388183594e+01,4.155967712402343750e+00,nan,nan,5.814485583138662150e+00,3.641945554462920231e+00,2.172548373326010029e+00
8.435600000000000875e+00,5.599799999999999223e-01,2.746897125244140625e+01,4.155938625335693359e+00,nan,nan,7.508989605736928752e+00,4.586896015850554065e+00,2.922126491650289815e+00
1.049899999999999878e+01,1.004100000000000215e+00,2.746897888183593750e+01,4.155944347381591797e+00,nan,nan,7.015164646935659221e+00,4.355375720707426623e+00,2.659811814411825459e+00
2.488199999999999790e+01,3.031600000000000072e+00,2.746898269653320312e+01,4.155957698822021484e+00,nan,nan,5.379636916947561076e+00,3.478746904579649968e+00,1.900894303902334492e+00
4.029599999999999937e+01,6.121199999999999974e+00,2.746898460388183594e+01,4.155972003936767578e+00,nan,nan,6.098943028283315471e+00,3.970660878864775700e+00,2.128294308766073506e+00
4.818600000000000705e+01,7.279700000000000060e+00,2.746898269653320312e+01,4.155971050262451172e+00,nan,nan,7.439785275292592814e+00,4.795469357220182971e+00,2.644354303463644307e+00
3.647299999999999898e+01,5.483900000000000219e+00,2.746897888183593750e+01,4.155963420867919922e+00,nan,nan,5.655135664773183635e+00,3.710557772366057439e+00,1.944584448918051045e+00
1.838799999999999812e+01,1.525500000000000078e+00,2.746897506713867188e+01,4.155939102172851562e+00,nan,nan,6.110785279107290080e+00,3.714887334553252263e+00,2.395906169995016377e+00
7.646599999999999397e+00,-1.370999999999999552e+00,2.746898269653320312e+01,4.155956745147705078e+00,nan,nan,9.146481547188955119e+00,4.682439638821135119e+00,4.464111526592916768e+00
1.535400000000000098e+01,3.668800000000000949e-01,2.746898460388183594e+01,4.155966758728027344e+00,nan,nan,6.962265286278920939e+00,3.915304972378264470e+00,3.046980341061300557e+00
3.659499999999999886e+01,4.943299999999999805e+00,2.746898460388183594e+01,4.155967235565185547e+00,nan,nan,5.561931643319326213e+00,3.717450811115752263e+00,1.844485421761221211e+00
3.950800000000000267e+01,5.097699999999999676e+00,2.746898460388183594e+01,4.155967235565185547e+00,nan,nan,5.777444157433706096e+00,3.909594966618071599e+00,1.867854018791860859e+00
2.961499999999999844e+01,3.726799999999999891e+00,2.746898460388183594e+01,4.155966758728027344e+00,nan,nan,5.278592977357106975e+00,3.472244812695036931e+00,1.806351264103597920e+00
2.251500000000000057e+01,2.780600000000000183e+00,2.746892929077148438e+01,4.155847072601318359e+00,nan,nan,5.490191254449086955e+00,3.534376873222838444e+00,1.955819328411764424e+00
1.602100000000000080e+01,1.834400000000000031e+00,2.746865653991699219e+01,4.155605792999267578e+00,nan,nan,6.128173146081167033e+00,3.866307570187102360e+00,2.261880596264547627e+00
1.620400000000000063e+01,1.564099999999999824e+00,2.746898460388183594e+01,4.155970573425292969e+00,nan,nan,6.231632981133657267e+00,3.853371097294341130e+00,2.378275950535482686e+00
3.368199999999999505e+01,4.228799999999999670e+00,2.746898651123046875e+01,4.155968666076660156e+00,nan,nan,5.368886384797292521e+00,3.578196300713072819e+00,1.790692825897878926e+00
4.563700000000000045e+01,6.835599999999999454e+00,2.747776794433593750e+01,4.158205032348632812e+00,nan,nan,6.903037581277089885e+00,4.485520078388701037e+00,2.417709310635275166e+00
4.296699999999999875e+01,6.932199999999999918e+00,2.747023391723632812e+01,4.156609058380126953e+00,nan,nan,6.670744929146962932e+00,4.206314160076628283e+00,2.464559634312338154e+00
3.592699999999999960e+01,5.001199999999999868e+00,2.746901893615722656e+01,4.156020641326904297e+00,nan,nan,5.533602032494741252e+00,3.680842830387602849e+00,1.852765162571615498e+00
2.105900000000000105e+01,2.201299999999999812e+00,2.746899032592773438e+01,4.155976772308349609e+00,nan,nan,5.710625443291860392e+00,3.585941268650542302e+00,2.124691923245138447e+00
1.122700000000000031e+01,4.827399999999997249e-01,2.746781349182128906e+01,4.154961585998535156e+00,nan,nan,7.250111136269765666e+00,4.279901816097746448e+00,2.970384796246237080e+00
1.365499999999999936e+01,1.351700000000000124e+00,2.670629692077636719e+01,3.891051530838012695e+00,nan,nan,6.337455782723623088e+00,3.988949014393340153e+00,2.354628284558004658e+00
2.518499999999999872e+01,3.321299999999999919e+00,2.746892356872558594e+01,4.155878543853759766e+00,nan,nan,5.325444731545644572e+00,3.474158241001616521e+00,1.851290841683096211e+00
3.204299999999999926e+01,4.499100000000000321e+00,2.746898460388183594e+01,4.155968189239501953e+00,nan,nan,5.323629054856496623e+00,3.523096038548003239e+00,1.800536771401113789e+00
4.017499999999999716e+01,5.541900000000000048e+00,2.746898078918457031e+01,4.155964851379394531e+00,nan,nan,5.919386658501821330e+00,3.961032821384917302e+00,1.958361347302145283e+00
3.707999999999999829e+01,5.735000000000000320e+00,2.746898460388183594e+01,4.155966758728027344e+00,nan,nan,5.754240784478383830e+00,3.745771958080779118e+00,2.008476455792135518e+00
1.741700000000000159e+01,2.201299999999999812e+00,2.746898460388183594e+01,4.155968189239501953e+00,nan,nan,5.897459301781850627e+00,3.772786452023039860e+00,2.124682982548422139e+00
7.161100000000001131e+00,-1.158599999999996299e-01,2.746898269653320312e+01,4.155953407287597656e+00,nan,nan,8.130692515206533244e+00,4.743158413616667346e+00,3.387583215817159932e+00
1.911700000000000088e+01,-4.634299999999997866e-01,2.746898460388183594e+01,4.155962467193603516e+00,nan,nan,7.333363566231923869e+00,3.675281597820769353e+00,3.658091266735739033e+00
3.198199999999999932e+01,4.576399999999999579e+00,2.746898460388183594e+01,4.155967235565185547e+00,nan,nan,5.327062520814138225e+00,3.521368219105254216e+00,1.805698295220083516e+00
3.938599999999999568e+01,6.294900000000000162e+00,2.746900749206542969e+01,4.155984401702880859e+00,nan,nan,6.091185602975087932e+00,3.900489403454314274e+00,2.190709074124044697e+00
3.410600000000000165e+01,5.445299999999999585e+00,2.746898460388183594e+01,4.155965805053710938e+00,nan,nan,5.530912551713186076e+00,3.595176710335265202e+00,1.935741623028463643e+00
2.160500000000000043e+01,3.050899999999999945e+00,2.746898460388183594e+01,4.155962467193603516e+00,nan,nan,5.462174925637441447e+00,3.565053595749388737e+00,1.897127051933950703e+00
7.646599999999999397e+00,9.847900000000002763e-01,2.746898460388183594e+01,4.155964374542236328e+00,nan,nan,7.352920327019887736e+00,4.682439638821135119e+00,2.670514543636984151e+00
1.019500000000000028e+01,1.042699999999999960e+00,2.746898460388183594e+01,4.155968189239501953e+00,nan,nan,7.026451144051748088e+00,4.387819363323698596e+00,2.638660033329672139e+00
2.755199999999999960e+01,3.456399999999999917e+00,2.746895790100097656e+01,4.155991077423095703e+00,nan,nan,5.291196260285573771e+00,3.457976652828703923e+00,1.833223720177358906e+00
4.381600000000000250e+01,6.584600000000000009e+00,2.746896362304687500e+01,4.155962944030761719e+00,nan,nan,6.597209009957509807e+00,4.290701224056730823e+00,2.306525905712789815e+00
4.739699999999999847e+01,7.434199999999999697e+00,2.746898651123046875e+01,4.155969142913818359e+00,nan,nan,7.426409516167836955e+00,4.695524527279387073e+00,2.730923374279684346e+00
3.890099999999999625e+01,5.445299999999999585e+00,2.746898651123046875e+01,4.155955314636230469e+00,nan,nan,5.800935301614003947e+00,3.865194513050566716e+00,1.935746927841848652e+00
2.245400000000000063e+01,1.409600000000000186e+00,2.746898460388183594e+01,4.155966281890869141e+00,nan,nan,5.986734185052114299e+00,3.536269141880522771e+00,2.450469930752462666e+00
6.372199999999999420e+00,-9.654800000000003379e-01,2.746898460388183594e+01,4.155967235565185547e+00,nan,nan,8.931038889718251994e+00,4.844955279079924182e+00,4.086158235653585713e+00
2.979800000000000182e+01,4.306000000000000050e+00,2.746898269653320312e+01,4.155972957611083984e+00,nan,nan,5.267031941247182658e+00,3.474804474560271306e+00,1.792231460198110859e+00
3.847599999999999909e+01,6.217699999999999783e+00,2.746891212463378906e+01,4.155860900878906250e+00,nan,nan,5.997825655770498088e+00,3.835478855816374821e+00,2.162358482464498799e+00
3.271099999999999852e+01,4.981900000000000439e+00,2.746898078918457031e+01,4.155956268310546875e+00,nan,nan,5.393472347092824748e+00,3.543531729427825017e+00,1.849945088013357442e+00
2.354699999999999704e+01,3.823300000000000143e+00,2.746894264221191406e+01,4.155871391296386719e+00,nan,nan,5.305762085747915080e+00,3.505825592724333806e+00,1.799940546139425557e+00
1.626399999999999935e+01,2.124099999999999877e+00,2.746891784667968750e+01,4.155845642089843750e+00,nan,nan,6.000745329690175822e+00,3.849165274349700017e+00,2.151590545757955830e+00
1.341200000000000081e+01,1.216500000000000359e+00,2.746896553039550781e+01,4.155988693237304688e+00,nan,nan,6.620180640053945353e+00,4.073689772335539416e+00,2.546514828785604756e+00
2.324300000000000210e+01,2.857800000000000118e+00,2.746897888183593750e+01,4.155964374542236328e+00,nan,nan,5.451292667222219279e+00,3.513546420780669255e+00,1.937751372441000264e+00
3.823300000000000409e+01,5.426000000000000156e+00,2.746895980834960938e+01,4.155963420867919922e+00,nan,nan,5.750415596795278361e+00,3.818988396374236149e+00,1.931433637722677510e+00
4.132800000000000296e+01,6.526699999999999946e+00,2.746898460388183594e+01,4.155947208404541016e+00,nan,nan,6.338684830498891642e+00,4.056488825527678088e+00,2.282208760365194600e+00
3.574499999999999744e+01,5.290799999999999947e+00,2.746904945373535156e+01,4.155902862548828125e+00,nan,nan,5.574398908448415568e+00,3.671363903728972478e+00,1.903040011509603779e+00
2.354699999999999704e+01,1.892300000000000093e+00,2.746898460388183594e+01,4.155967235565185547e+00,nan,nan,5.744604382348256877e+00,3.505827261654387517e+00,2.238781412228292744e+00
1.304800000000000004e+01,5.792899999999998606e-01,2.746898460388183594e+01,4.155968189239501953e+00,nan,nan,7.016010794472890666e+00,4.106008960453520373e+00,2.910027106388754170e+00
1.116600000000000037e+01,9.461699999999999555e-01,2.746898078918457031e+01,4.155949592590332031e+00,nan,nan,6.978253874612050822e+00,4.286210490910063342e+00,2.692067225559896748e+00
2.251500000000000057e+01,3.263300000000000090e+00,2.746855735778808594e+01,4.155453205108642578e+00,nan,nan,5.394403133225637248e+00,3.534374548641692204e+00,1.860036810024923604e+00
3.003999999999999915e+01,4.750200000000000422e+00,2.746896934509277344e+01,4.155933856964111328e+00,nan,nan,5.299670371842580607e+00,3.478497399536620183e+00,1.821177204235739033e+00
3.398499999999999943e+01,5.464599999999999902e+00,2.746898269653320312e+01,4.155961513519287109e+00,nan,nan,5.530340466332631877e+00,3.590216411797057194e+00,1.940129716976827901e+00
3.908299999999999841e+01,5.850799999999999557e+00,2.746898460388183594e+01,4.155965328216552734e+00,nan,nan,5.919920954537587932e+00,3.878266407696257634e+00,2.041663606747335713e+00
2.712699999999999889e+01,3.861899999999999888e+00,2.746900749206542969e+01,4.155960083007812500e+00,nan,nan,5.256177220177846721e+00,3.458293987957488103e+00,1.797887523754782002e+00
1.292599999999999838e+01,1.139299999999999979e+00,2.746898841857910156e+01,4.155961513519287109e+00,nan,nan,6.703809771371084025e+00,4.117020441738615588e+00,2.586809833630270283e+00
1.699200000000000088e+01,9.847900000000002763e-01,2.746898651123046875e+01,4.155968666076660156e+00,nan,nan,6.470479998421865275e+00,3.799977375713835759e+00,2.670517166241354268e+00
3.374199999999999733e+01,2.664699999999999847e+00,2.746898460388183594e+01,4.155966758728027344e+00,nan,nan,5.565434489083486369e+00,3.580530955044280095e+00,1.984900434597677510e+00
4.060000000000000142e+01,5.677000000000000490e+00,2.746898460388183594e+01,4.155966281890869141e+00,nan,nan,5.987982783150869182e+00,3.995253874508391423e+00,1.992737730129904072e+00
3.890099999999999625e+01,5.271499999999999631e+00,2.746898460388183594e+01,4.155970573425292969e+00,nan,nan,5.764340910744863322e+00,3.865194393841277165e+00,1.899152477368063252e+00
2.767300000000000182e+01,3.379199999999999982e+00,2.746899604797363281e+01,4.155975341796875000e+00,nan,nan,5.301121983361440471e+00,3.458037747589598698e+00,1.843087752445883076e+00
1.535400000000000098e+01,1.718599999999999905e+00,2.746896362304687500e+01,4.155893325805664062e+00,nan,nan,6.225519451928335002e+00,3.915304376331816716e+00,2.310226758106893818e+00
8.860400000000002052e+00,1.448200000000000376e+00,2.746663093566894531e+01,4.154620647430419922e+00,nan,nan,6.967804465127187541e+00,4.536543561665068225e+00,2.431316216572469990e+00
2.227199999999999847e+01,2.722700000000000120e+00,2.746899414062500000e+01,4.155996799468994141e+00,nan,nan,5.512182626557546428e+00,3.542082978931914372e+00,1.970106323345846455e+00
4.193500000000000227e+01,5.966700000000000337e+00,2.746897888183593750e+01,4.155971527099609375e+00,nan,nan,6.187286410165029338e+00,4.110071851459990100e+00,2.077226598843282979e+00
4.994600000000000506e+01,7.704500000000000348e+00,2.746899223327636719e+01,4.155982017517089844e+00,nan,nan,7.924780878853994182e+00,5.032382799831877307e+00,2.892456849201864522e+00
4.205600000000000449e+01,6.101799999999999891e+00,2.746896743774414062e+01,4.155920028686523438e+00,nan,nan,6.242691311669545939e+00,4.121028734890471057e+00,2.121672113522238057e+00
2.852300000000000324e+01,3.205400000000000027e+00,2.746898078918457031e+01,4.155958652496337891e+00,nan,nan,5.330677780938344767e+00,3.461353792397032780e+00,1.869326670750326436e+00
1.286599999999999966e+01,7.144599999999998730e-01,2.746870422363281250e+01,4.155934810638427734e+00,nan,nan,6.949148688149648478e+00,4.122416927067289905e+00,2.826769431217855733e+00
1.140900000000000247e+01,5.020500000000001073e-01,2.746747779846191406e+01,4.154738903045654297e+00,nan,nan,7.219183239770131877e+00,4.261546565739164905e+00,2.957834203823751729e+00
2.257600000000000051e+01,3.186100000000000154e+00,2.737983703613281250e+01,4.115283966064453125e+00,nan,nan,5.397505674195485881e+00,3.530221296993742985e+00,1.867467661484426777e+00
3.271099999999999852e+01,4.866000000000000547e+00,2.746664428710937500e+01,4.154059410095214844e+00,nan,nan,5.378495368790822795e+00,3.543621732441435856e+00,1.834897120579427998e+00
3.064699999999999847e+01,4.730900000000000105e+00,2.746900939941406250e+01,4.156018733978271484e+00,nan,nan,5.308971080613332560e+00,3.489521099773894353e+00,1.819455464466757100e+00
3.234599999999999653e+01,4.981900000000000439e+00,2.746898269653320312e+01,4.155969619750976562e+00,nan,nan,5.381978664231496623e+00,3.532025171963225407e+00,1.849958201035208027e+00
2.688500000000000156e+01,3.842600000000000016e+00,2.746917343139648438e+01,4.156044960021972656e+00,nan,nan,5.257915410828786662e+00,3.458987487999449773e+00,1.798932273968405049e+00
1.389700000000000024e+01,1.564099999999999824e+00,2.746900558471679688e+01,4.155995845794677734e+00,nan,nan,6.410202536416250041e+00,4.031942321506987170e+00,2.378278096302694600e+00
1.377599999999999980e+01,1.023400000000000087e+00,2.746899795532226562e+01,4.155980110168457031e+00,nan,nan,6.691386971306997111e+00,4.042223049847136096e+00,2.649185498341268818e+00
2.724900000000000233e+01,2.819199999999999484e+00,2.746898460388183594e+01,4.155960559844970703e+00,nan,nan,5.404693636727529338e+00,3.458041860310088200e+00,1.946654518231100361e+00
3.671600000000000108e+01,5.020500000000000185e+00,2.746905136108398438e+01,4.155916213989257812e+00,nan,nan,5.580091271233754924e+00,3.724387122837554021e+00,1.855708380325979512e+00
3.756600000000000250e+01,5.696299999999999919e+00,2.746898651123046875e+01,4.155966281890869141e+00,nan,nan,5.773530278039174846e+00,3.775622560230742497e+00,1.997915466412252705e+00
3.101099999999999923e+01,4.190199999999999925e+00,2.746901130676269531e+01,4.155986785888671875e+00,nan,nan,5.287463221383291057e+00,3.497030867783080144e+00,1.790436168297476094e+00
1.966300000000000026e+01,2.413699999999999957e+00,2.746898460388183594e+01,4.155964374542236328e+00,nan,nan,5.703725848031240275e+00,3.647787167278777165e+00,2.055946429356283467e+00
8.921099999999999142e+00,5.599799999999999223e-01,2.746896743774414062e+01,4.155927181243896484e+00,nan,nan,7.452116522622304728e+00,4.530033303944120959e+00,2.922114093884176533e+00
1.183400000000000141e+01,1.235800000000000232e+00,2.746898078918457031e+01,4.155955314636230469e+00,nan,nan,6.756371292901235392e+00,4.219722820965300158e+00,2.536668856724447529e+00
2.919099999999999895e+01,4.132299999999999862e+00,2.746898269653320312e+01,4.155967235565185547e+00,nan,nan,5.257434639764028361e+00,3.467138005939971013e+00,1.790300508125967305e+00
4.345199999999999818e+01,6.797000000000000597e+00,2.746898651123046875e+01,4.155984401702880859e+00,nan,nan,6.654761109185415080e+00,4.254020406452665881e+00,2.400764306172079365e+00
4.563700000000000045e+01,7.163899999999999935e+00,2.747179794311523438e+01,4.156661987304687500e+00,nan,nan,7.067579064202504924e+00,4.486020995823393420e+00,2.581625779255575459e+00
3.477400000000000091e+01,4.827399999999999913e+00,2.746899414062500000e+01,4.155972957611083984e+00,nan,nan,5.453922781777578166e+00,3.624207092968474431e+00,1.829720039948171895e+00
1.881299999999999883e+01,7.337699999999998113e-01,2.746898269653320312e+01,4.155943870544433594e+00,nan,nan,6.506757054162221721e+00,3.691394998280058903e+00,2.815369923695272725e+00
6.190100000000001046e+00,-1.564099999999999824e+00,2.746897506713867188e+01,4.155920028686523438e+00,nan,nan,9.523039851021962932e+00,4.869003130642424182e+00,4.654110868557638447e+00
1.650700000000000145e+01,1.274399999999999977e+00,2.746898460388183594e+01,4.155964851379394531e+00,nan,nan,6.349441561532216838e+00,3.832382156101714177e+00,2.517073233708090108e+00
3.453099999999999881e+01,5.155700000000000394e+00,2.746898651123046875e+01,4.155970096588134766e+00,nan,nan,5.491037878823476603e+00,3.613322152344237370e+00,1.877720912083334248e+00
3.635199999999999676e+01,5.194300000000000139e+00,2.746899223327636719e+01,4.155969142913818359e+00,nan,nan,5.588428292107778361e+00,3.703815652576933903e+00,1.884618242367452901e+00
3.052599999999999980e+01,4.402599999999999625e+00,2.746898078918457031e+01,4.155956745147705078e+00,nan,nan,5.282566461396413615e+00,3.487017466274748845e+00,1.795552929028219502e+00
2.615599999999999881e+01,3.726799999999999891e+00,2.746890449523925781e+01,4.155820846557617188e+00,nan,nan,5.269644055199819377e+00,3.463263227192412419e+00,1.806384881123251240e+00
1.753900000000000148e+01,2.066100000000000048e+00,2.746892738342285156e+01,4.155855178833007812e+00,nan,nan,5.937693152260976603e+00,3.765186382977019353e+00,2.172515829189962666e+00
1.614300000000000068e+01,1.641300000000000203e+00,2.746900177001953125e+01,4.155964374542236328e+00,nan,nan,6.201417956185537150e+00,3.857671691624175114e+00,2.343759616001791279e+00
2.894800000000000040e+01,4.093600000000000350e+00,2.746904373168945312e+01,4.155990600585937500e+00,nan,nan,5.255287442040639689e+00,3.464712037292967839e+00,1.790579219444937031e+00
4.217800000000000438e+01,6.294900000000000162e+00,2.767560195922851562e+01,4.196401119232177734e+00,nan,nan,6.287703547311025432e+00,4.113010002819548205e+00,2.176159222706503193e+00
4.381600000000000250e+01,6.777700000000000280e+00,2.748108482360839844e+01,4.160505294799804688e+00,nan,nan,6.678613934350210002e+00,4.289386226383696155e+00,2.389750083073324483e+00
3.617000000000000171e+01,4.904600000000000293e+00,2.746903419494628906e+01,4.156020641326904297e+00,nan,nan,5.533116254639821818e+00,3.693836762157927556e+00,1.839284976109213154e+00
2.160500000000000043e+01,2.162700000000000067e+00,2.746897125244140625e+01,4.155977725982666016e+00,nan,nan,5.703098568749624064e+00,3.565063728539000554e+00,2.138043006046957295e+00
1.159099999999999753e+01,6.179100000000006254e-01,2.744999694824218750e+01,4.145354270935058594e+00,nan,nan,7.119154724908071330e+00,4.241653396336088733e+00,2.878474910839742940e+00
1.359399999999999942e+01,1.351700000000000124e+00,2.733190917968750000e+01,4.093996524810791016e+00,nan,nan,6.491449627709585002e+00,4.046009971348295764e+00,2.447865684612936299e+00
2.536699999999999733e+01,3.301899999999999835e+00,2.746891975402832031e+01,4.155876159667968750e+00,nan,nan,5.325841936898427775e+00,3.471679224220763249e+00,1.854167063816732686e+00
2.864400000000000190e+01,4.441200000000000259e+00,2.746898651123046875e+01,4.155942440032958984e+00,nan,nan,5.259578022790151408e+00,3.462203277794371648e+00,1.797378917320913594e+00
1.620400000000000063e+01,1.757200000000000095e+00,2.746898078918457031e+01,4.155947208404541016e+00,nan,nan,6.147270474267202189e+00,3.853370620457182927e+00,2.293910463436788838e+00
8.071400000000000574e+00,8.882399999999992524e-01,2.746898269653320312e+01,4.155956745147705078e+00,nan,nan,7.355411562752919963e+00,4.630517079082975940e+00,2.724926670178121846e+00
1.875199999999999889e+01,2.085399999999999920e+00,2.746898651123046875e+01,4.155979633331298828e+00,nan,nan,5.860218319726186564e+00,3.694699360577117009e+00,2.165529091938680928e+00
3.568399999999999750e+01,5.117099999999999760e+00,2.746897697448730469e+01,4.155982017517089844e+00,nan,nan,5.539380702805715373e+00,3.668230845180998845e+00,1.871155341252035420e+00
4.654699999999999704e+01,7.163899999999999935e+00,2.746896553039550781e+01,4.155965328216552734e+00,nan,nan,7.174371514153676799e+00,4.592203928677092151e+00,2.582198103054708760e+00
4.290600000000000591e+01,6.623199999999999754e+00,2.746899414062500000e+01,4.155964851379394531e+00,nan,nan,6.523598465752797892e+00,4.200552179066191272e+00,2.323064048870748799e+00
3.089000000000000057e+01,3.359900000000000109e+00,2.746899223327636719e+01,4.155960559844970703e+00,nan,nan,5.340082797837453654e+00,3.494368089882384343e+00,1.845716496094412129e+00
1.347299999999999898e+01,-4.441199999999998482e-01,2.746898460388183594e+01,4.155966281890869141e+00,nan,nan,7.710852656197744182e+00,4.068370415417204455e+00,3.642512519940084736e+00
8.071400000000000574e+00,-1.544800000000003948e-01,2.746898651123046875e+01,4.155968666076660156e+00,nan,nan,8.047061953377919963e+00,4.630516602245817737e+00,3.416595657452291768e+00
1.863100000000000023e+01,2.278500000000000192e+00,2.746899032592773438e+01,4.155972957611083984e+00,nan,nan,5.800109658074575236e+00,3.701320721355925603e+00,2.098798115833944600e+00
3.277100000000000080e+01,4.981900000000000439e+00,2.746897315979003906e+01,4.155899524688720703e+00,nan,nan,5.395545992684560588e+00,3.545535041538725896e+00,1.850015898331350606e+00
3.192199999999999704e+01,5.001199999999999868e+00,2.746898269653320312e+01,4.155962467193603516e+00,nan,nan,5.372451696229177287e+00,3.519691778866301579e+00,1.852764447315878193e+00
3.416700000000000159e+01,5.232899999999999885e+00,2.746896934509277344e+01,4.155924797058105469e+00,nan,nan,5.489473376107412150e+00,3.597713007179747624e+00,1.891765375717825215e+00
3.046499999999999986e+01,4.325400000000000134e+00,2.746898078918457031e+01,4.155952453613281250e+00,nan,nan,5.278605613541799357e+00,3.485866739002715153e+00,1.792742689236349385e+00
1.668900000000000006e+01,1.950299999999999923e+00,2.746899986267089844e+01,4.155922889709472656e+00,nan,nan,6.036141428780751994e+00,3.820063068119536442e+00,2.216089447125143330e+00
1.389700000000000024e+01,1.235800000000000232e+00,2.746899032592773438e+01,4.155965328216552734e+00,nan,nan,6.568590197396474650e+00,4.031942202297697619e+00,2.536666472538656514e+00
2.779500000000000171e+01,3.572299999999999809e+00,2.746928405761718750e+01,4.156075954437255859e+00,nan,nan,5.278294715714650920e+00,3.458228005615721745e+00,1.820070345982260029e+00
4.211699999999999733e+01,6.005300000000000082e+00,2.746973419189453125e+01,4.156225681304931641e+00,nan,nan,6.215992245507436564e+00,4.126512243000517444e+00,2.089525182827657979e+00
4.272399999999999665e+01,6.352899999999999991e+00,2.746901512145996094e+01,4.156012535095214844e+00,nan,nan,6.395817074608999064e+00,4.183149172512541369e+00,2.212694008930868428e+00
3.410600000000000165e+01,4.460499999999999687e+00,2.746899223327636719e+01,4.155990600585937500e+00,nan,nan,5.393525037598806193e+00,3.595176650730620427e+00,1.798351724728292744e+00
2.032999999999999829e+01,2.046800000000000175e+00,2.746897506713867188e+01,4.155947685241699219e+00,nan,nan,5.796351942849355510e+00,3.616721345631133122e+00,2.179637272938436787e+00
9.467200000000001836e+00,5.599799999999999223e-01,2.746840858459472656e+01,4.155364513397216797e+00,nan,nan,7.389197382760244182e+00,4.467760397640715198e+00,2.921566923245138447e+00
1.268400000000000283e+01,1.313099999999999934e+00,2.746893692016601562e+01,4.155894756317138672e+00,nan,nan,6.636742863488393596e+00,4.139132811275969104e+00,2.497629364117330830e+00
3.046499999999999986e+01,4.113000000000000433e+00,2.746898460388183594e+01,4.155973911285400391e+00,nan,nan,5.276264223885732463e+00,3.485867871490965886e+00,1.790399928673452656e+00
4.660800000000000409e+01,7.105900000000000105e+00,2.746900367736816406e+01,4.155995368957519531e+00,nan,nan,7.151329312157827189e+00,4.599448634830961780e+00,2.551912148579305928e+00
4.867100000000000648e+01,7.627299999999999969e+00,2.746898460388183594e+01,4.155968666076660156e+00,nan,nan,7.703809771371084025e+00,4.858828617779265002e+00,2.845027406796163838e+00
3.471300000000000097e+01,4.711599999999999788e+00,2.746898460388183594e+01,4.155964851379394531e+00,nan,nan,5.438681397271352580e+00,3.621435655800353093e+00,1.817249675377554219e+00
1.808500000000000085e+01,4.827399999999997249e-01,2.746898460388183594e+01,4.155964851379394531e+00,nan,nan,6.703611168694692424e+00,3.732324315754424138e+00,2.971299131497091572e+00
6.372199999999999420e+00,-7.337699999999998113e-01,2.746898841857910156e+01,4.155975818634033203e+00,nan,nan,8.727914843392568400e+00,4.844947888103972033e+00,3.883040865048116963e+00
1.705300000000000082e+01,1.679899999999999949e+00,2.746896743774414062e+01,4.155944347381591797e+00,nan,nan,6.122888836693960002e+00,3.796006991116057439e+00,2.326890667065328877e+00
3.264999999999999858e+01,5.194300000000000139e+00,2.746838569641113281e+01,4.155389308929443359e+00,nan,nan,5.426373514962392619e+00,3.541571928707610173e+00,1.884815235718435567e+00
3.440999999999999659e+01,5.426000000000000156e+00,2.746897125244140625e+01,4.155937671661376953e+00,nan,nan,5.539464506936269572e+00,3.608041061607848210e+00,1.931428690537161152e+00
2.603500000000000014e+01,4.750200000000000422e+00,2.746898269653320312e+01,4.155966758728027344e+00,nan,nan,5.285440120530324748e+00,3.464299632755766911e+00,1.821144064053243916e+00
2.609600000000000009e+01,4.074300000000000033e+00,2.746896743774414062e+01,4.155930042266845703e+00,nan,nan,5.254588041138845256e+00,3.463765873161803288e+00,1.790826280697531026e+00
1.802400000000000091e+01,2.259199999999999875e+00,2.746898841857910156e+01,4.155982494354248047e+00,nan,nan,5.841085944009023478e+00,3.735908939091216130e+00,2.105187256916708272e+00
1.335099999999999731e+01,1.274399999999999977e+00,2.746897888183593750e+01,4.155970096588134766e+00,nan,nan,6.596103701424794963e+00,4.079058481899748401e+00,2.517064650639242451e+00
2.457800000000000296e+01,2.703300000000000036e+00,2.746898460388183594e+01,4.155967712402343750e+00,nan,nan,5.458886775803762248e+00,3.483936740604888005e+00,1.974954326733297627e+00
3.586599999999999966e+01,4.846700000000000230e+00,2.746898269653320312e+01,4.155960559844970703e+00,nan,nan,5.509626064133840373e+00,3.677639557568083806e+00,1.831990559681600850e+00
3.756600000000000250e+01,5.638399999999999856e+00,2.746899986267089844e+01,4.155887603759765625e+00,nan,nan,5.758265051675039103e+00,3.775624705997954411e+00,1.982645590885824483e+00
3.337800000000000011e+01,4.344699999999999562e+00,2.746898651123046875e+01,4.155963897705078125e+00,nan,nan,5.360057148766713908e+00,3.566711737362395329e+00,1.793348570450491231e+00
2.294000000000000128e+01,2.490899999999999892e+00,2.746898651123046875e+01,4.155968189239501953e+00,nan,nan,5.554731998276906779e+00,3.521814181057463689e+00,2.032923300846761983e+00
1.213700000000000223e+01,1.062000000000000277e+00,2.746898460388183594e+01,4.155966758728027344e+00,nan,nan,6.818630490136342814e+00,4.190481259075651721e+00,2.628172834500021260e+00
1.177299999999999791e+01,1.197200000000000042e+00,2.746843910217285156e+01,4.155369758605957031e+00,nan,nan,6.781684193444448283e+00,4.225620938984404162e+00,2.556144555195516865e+00
2.257600000000000051e+01,3.070199999999999818e+00,2.746884727478027344e+01,4.155709743499755859e+00,nan,nan,5.425957236123281291e+00,3.532497956005583806e+00,1.893465538605398457e+00
3.277100000000000080e+01,5.078400000000000247e+00,2.746897125244140625e+01,4.155933856964111328e+00,nan,nan,5.410221133065419963e+00,3.545503689495574040e+00,1.864722033127493184e+00
4.223799999999999955e+01,6.487999999999999545e+00,2.746898460388183594e+01,4.155975818634033203e+00,nan,nan,6.403924975228505900e+00,4.137675000874052600e+00,2.266267021282858174e+00
3.968999999999999773e+01,6.159799999999999720e+00,2.746898460388183594e+01,4.155970096588134766e+00,nan,nan,6.065050396752553752e+00,3.923355414120207829e+00,2.141706665142721455e+00
2.366800000000000281e+01,2.780600000000000183e+00,2.746896743774414062e+01,4.155934810638427734e+00,nan,nan,5.458754572701650432e+00,3.502922429291258855e+00,1.955836852177328389e+00
1.238000000000000078e+01,3.089499999999998359e-01,2.746896934509277344e+01,4.155933380126953125e+00,nan,nan,7.253076824975210002e+00,4.167441798893461780e+00,3.085658987148947041e+00
1.693200000000000216e+01,-1.158599999999996299e-01,2.746898460388183594e+01,4.155958652496337891e+00,nan,nan,7.191481146645742228e+00,3.803906513897429509e+00,3.387589653118795674e+00
3.034400000000000119e+01,3.591600000000000126e+00,2.746898460388183594e+01,4.155966758728027344e+00,nan,nan,5.301760587525564006e+00,3.483652664867888493e+00,1.818110485657400410e+00
3.981099999999999994e+01,5.773600000000000065e+00,2.746898460388183594e+01,4.155968189239501953e+00,nan,nan,5.951886210274892619e+00,3.932617975918303532e+00,2.019277532681173604e+00
3.483500000000000085e+01,4.634299999999999642e+00,2.746899604797363281e+01,4.155972003936767578e+00,nan,nan,5.437291178536611369e+00,3.627000762669096989e+00,1.810294111355490010e+00
2.688500000000000156e+01,3.224699999999999900e+00,2.746897125244140625e+01,4.155931472778320312e+00,nan,nan,5.325113210511403850e+00,3.458957030025969548e+00,1.866159756764120381e+00
1.559700000000000131e+01,1.834400000000000031e+00,2.746419525146484375e+01,4.152655124664306641e+00,nan,nan,6.157502446007924846e+00,3.896828128544341130e+00,2.260722954853719990e+00
1.474699999999999989e+01,1.564099999999999824e+00,2.746890640258789062e+01,4.155944824218750000e+00,nan,nan,6.340522799325185588e+00,3.962282730785857243e+00,2.378256281002706807e+00
2.664199999999999946e+01,3.282599999999999962e+00,2.746898078918457031e+01,4.155967712402343750e+00,nan,nan,5.317023906541066935e+00,3.460022284237395329e+00,1.857005437000936787e+00
4.333100000000000307e+01,6.468700000000000117e+00,2.746901893615722656e+01,4.155983924865722656e+00,nan,nan,6.500408205819326213e+00,4.242012335506926135e+00,2.258415301426595967e+00
4.539399999999999835e+01,6.835599999999999454e+00,2.746932983398437500e+01,4.155885696411132812e+00,nan,nan,6.877985510659414103e+00,4.459201766697416858e+00,2.418804247959799092e+00
3.871900000000000119e+01,5.541900000000000048e+00,2.746896171569824219e+01,4.155933380126953125e+00,nan,nan,5.810699496102529338e+00,3.852331234661589665e+00,1.958375294789022725e+00
2.609600000000000009e+01,2.548900000000000166e+00,2.746875190734863281e+01,4.155930519104003906e+00,nan,nan,5.480228934121328166e+00,3.463838888851653142e+00,2.016394336804098408e+00
1.480799999999999983e+01,9.075499999999996348e-01,2.746897697448730469e+01,4.155951499938964844e+00,nan,nan,6.671335730385976603e+00,3.957463218418608708e+00,2.713887174709982197e+00
1.323000000000000043e+01,1.177900000000000169e+00,2.651759147644042969e+01,3.838124513626098633e+00,nan,nan,6.409351620507436564e+00,4.008224679676542834e+00,2.408712227925009053e+00
2.306099999999999994e+01,3.108900000000000219e+00,2.744044876098632812e+01,4.139808177947998047e+00,nan,nan,5.401959333253103068e+00,3.517814232555876774e+00,1.884247084244436543e+00
3.022199999999999775e+01,4.325400000000000134e+00,2.746912574768066406e+01,4.156105995178222656e+00,nan,nan,5.275641832184987834e+00,3.482085420338164372e+00,1.793564458473867695e+00
3.416700000000000159e+01,4.846700000000000230e+00,2.746898269653320312e+01,4.155968189239501953e+00,nan,nan,5.429698023629384807e+00,3.597711755482207341e+00,1.831990619286245625e+00
4.588000000000000256e+01,6.661800000000000388e+00,2.746897888183593750e+01,4.155965328216552734e+00,nan,nan,6.854125056100087932e+00,4.514276816097746448e+00,2.339870532139486592e+00
4.909600000000000364e+01,7.762500000000000178e+00,2.746898460388183594e+01,4.155965328216552734e+00,nan,nan,7.844298395943837932e+00,4.915554835049162463e+00,2.928792794331259053e+00
3.896099999999999852e+01,5.426000000000000156e+00,2.746898651123046875e+01,4.155945777893066406e+00,nan,nan,5.800905022454458049e+00,3.869481159893523259e+00,1.931429584606832783e+00
2.488199999999999790e+01,1.370999999999999996e+00,2.746898460388183594e+01,4.155962944030761719e+00,nan,nan,5.947902951073842814e+00,3.478746904579649968e+00,2.469157417401022236e+00
9.467200000000001836e+00,-1.931000000000002714e-01,2.746896171569824219e+01,4.155976772308349609e+00,nan,nan,7.913500342202382853e+00,4.467810823170195178e+00,3.445742328747457783e+00
1.329099999999999859e+01,1.062000000000000277e+00,2.746138763427734375e+01,4.151109218597412109e+00,nan,nan,6.708468470406728557e+00,4.083670331684599475e+00,2.625211914166158955e+00
2.597400000000000020e+01,3.803999999999999826e+00,2.743402481079101562e+01,4.137668132781982422e+00,nan,nan,5.265837702584462932e+00,3.464729561058531804e+00,1.801123579128927510e+00
3.192199999999999704e+01,4.981900000000000439e+00,2.746895027160644531e+01,4.155915260314941406e+00,nan,nan,5.369685325455861857e+00,3.519697143284331364e+00,1.849993069752401631e+00
2.834099999999999753e+01,4.634299999999999642e+00,2.746898460388183594e+01,4.155967712402343750e+00,nan,nan,5.270514998269277385e+00,3.460261537281523747e+00,1.810257454498953145e+00
3.331700000000000017e+01,4.904600000000000293e+00,2.746898269653320312e+01,4.155967235565185547e+00,nan,nan,5.403765830826955607e+00,3.564477397648345036e+00,1.839292963131613057e+00
2.415399999999999991e+01,3.398499999999999854e+00,2.746896553039550781e+01,4.155974864959716797e+00,nan,nan,5.332628640961843303e+00,3.492142452446471257e+00,1.840491016491598408e+00
1.256200000000000117e+01,1.197200000000000042e+00,2.746896553039550781e+01,4.155962944030761719e+00,nan,nan,6.706939253640371135e+00,4.150427414623747424e+00,2.556532700642294209e+00
1.626399999999999935e+01,1.370999999999999996e+00,2.746898841857910156e+01,4.155972003936767578e+00,nan,nan,6.318312678170400432e+00,3.849169923511992497e+00,2.469157417401022236e+00
2.912999999999999901e+01,2.935099999999999820e+00,2.746898651123046875e+01,4.155958652496337891e+00,nan,nan,5.387196931672292521e+00,3.466490639893065495e+00,1.920708079918569844e+00
3.629099999999999682e+01,5.348799999999999777e+00,2.746899414062500000e+01,4.155948162078857422e+00,nan,nan,5.615228447747426799e+00,3.700447155682097478e+00,1.914786716088003438e+00
3.689800000000000324e+01,5.348799999999999777e+00,2.746898460388183594e+01,4.155966281890869141e+00,nan,nan,5.649739060235219767e+00,3.734972311703215642e+00,1.914772768601125996e+00
2.864400000000000190e+01,3.765400000000000080e+00,2.746899795532226562e+01,4.155978202819824219e+00,nan,nan,5.265849623513418010e+00,3.462211920467864079e+00,1.803641398533529561e+00
1.644599999999999795e+01,1.544799999999999951e+00,2.746898460388183594e+01,4.155964851379394531e+00,nan,nan,6.223612580132680705e+00,3.836561633793364567e+00,2.387063940151876729e+00
8.739000000000000767e+00,5.792899999999998606e-01,2.746895599365234375e+01,4.155905246734619141e+00,nan,nan,7.461118492913442424e+00,4.551187588421354846e+00,2.909962614163107197e+00
1.632499999999999929e+01,1.834400000000000031e+00,2.746896171569824219e+01,4.155908584594726562e+00,nan,nan,6.106907877755361369e+00,3.844919039455901189e+00,2.261997898205465596e+00
3.349900000000000233e+01,4.923999999999999488e+00,2.746896743774414062e+01,4.155935764312744141e+00,nan,nan,5.413107905221181682e+00,3.571219875065337224e+00,1.841892619713491719e+00
4.472699999999999676e+01,6.970799999999999663e+00,2.746900367736816406e+01,4.156009197235107422e+00,nan,nan,6.869754586053090861e+00,4.386066390720854358e+00,2.483718355282491963e+00
4.405899999999999750e+01,6.835599999999999454e+00,2.746896362304687500e+01,4.155965328216552734e+00,nan,nan,6.734378847909169963e+00,4.315644337383757190e+00,2.418756206616110127e+00
3.076900000000000190e+01,4.267400000000000304e+00,2.746897315979003906e+01,4.155950069427490234e+00,nan,nan,5.283154043984609416e+00,3.491832269875060124e+00,1.791325529202169697e+00
1.535400000000000098e+01,5.406699999999999839e-01,2.746895599365234375e+01,4.155891418457031250e+00,nan,nan,6.849541935754018596e+00,3.915302707401763005e+00,2.934253295048422139e+00
8.799699999999997857e+00,-8.109999999999999432e-01,2.746897697448730469e+01,4.155929565429687500e+00,nan,nan,8.493752035927968791e+00,4.544115378109465198e+00,3.949683387860006611e+00
2.281800000000000139e+01,2.220600000000000129e+00,2.746898460388183594e+01,4.155966758728027344e+00,nan,nan,5.643408570122915080e+00,3.525304092613707585e+00,2.118110020741171162e+00
3.659499999999999886e+01,5.290799999999999947e+00,2.746898460388183594e+01,4.155968189239501953e+00,nan,nan,5.620399985146718791e+00,3.717450811115752263e+00,1.902955015286154072e+00
3.501699999999999591e+01,4.827399999999999913e+00,2.746898841857910156e+01,4.155967712402343750e+00,nan,nan,5.465147409272390178e+00,3.635451747623930974e+00,1.829699833973593037e+00
2.985800000000000054e+01,4.363999999999999879e+00,2.746896934509277344e+01,4.155928611755371094e+00,nan,nan,5.269712600541311076e+00,3.475681318489562077e+00,1.794035275562948506e+00
2.372899999999999920e+01,3.243999999999999773e+00,2.746846580505371094e+01,4.155350685119628906e+00,nan,nan,5.364518794846730998e+00,3.501489295212279362e+00,1.863035400494283955e+00
1.590000000000000036e+01,1.602700000000000014e+00,2.746892929077148438e+01,4.155905246734619141e+00,nan,nan,6.235847267937856486e+00,3.875002099720488591e+00,2.360858400448507588e+00
1.923799999999999955e+01,2.008199999999999985e+00,2.746901130676269531e+01,4.155975341796875000e+00,nan,nan,5.863091978860097697e+00,3.669053031651030583e+00,2.194048245533651631e+00
3.604800000000000182e+01,4.730900000000000105e+00,2.746902847290039062e+01,4.155954837799072266e+00,nan,nan,5.506469521355825236e+00,3.687277390209685368e+00,1.819195945843405049e+00
4.333100000000000307e+01,6.449399999999999800e+00,2.747938537597656250e+01,4.158659934997558594e+00,nan,nan,6.490317377877431682e+00,4.240947081295500354e+00,2.249571283444113057e+00
4.102499999999999858e+01,5.908800000000000274e+00,2.746921157836914062e+01,4.156157970428466797e+00,nan,nan,6.089669499230581096e+00,4.030580832211027698e+00,2.059171398266500752e+00
3.222500000000000142e+01,3.997100000000000097e+00,2.746881294250488281e+01,4.155887126922607422e+00,nan,nan,5.321026835274892619e+00,3.528440071789275212e+00,1.792589147671407979e+00
2.008800000000000097e+01,1.660600000000000076e+00,2.746897888183593750e+01,4.155969619750976562e+00,nan,nan,5.962971005273061564e+00,3.627677275387297673e+00,2.335300882443136494e+00
1.231999999999999851e+01,9.075499999999996348e-01,2.654557800292968750e+01,3.844408035278320312e+00,nan,nan,6.620698246789174846e+00,4.087862564770231799e+00,2.541842539890951436e+00
1.632499999999999929e+01,1.931000000000000050e+00,2.746175575256347656e+01,4.150623321533203125e+00,nan,nan,6.065768751931386760e+00,3.844434096066008610e+00,2.221613724812216084e+00
2.803800000000000026e+01,4.054999999999999716e+00,2.746896553039550781e+01,4.155944824218750000e+00,nan,nan,5.250111136269765666e+00,3.458916856495390935e+00,1.791198452099508565e+00
3.635199999999999676e+01,5.522599999999999731e+00,2.746898269653320312e+01,4.155969142913818359e+00,nan,nan,5.657516512704091838e+00,3.703812433926116032e+00,1.953711052521414082e+00
4.181399999999999295e+01,6.333599999999999675e+00,2.746907997131347656e+01,4.156026840209960938e+00,nan,nan,6.304486784768300822e+00,4.099191858021269397e+00,2.205311496838278096e+00
3.167900000000000205e+01,4.634299999999999642e+00,2.746898651123046875e+01,4.155970096588134766e+00,nan,nan,5.323383960557180217e+00,3.513131214825163884e+00,1.810256858452505391e+00
1.347299999999999898e+01,1.042699999999999960e+00,2.746898078918457031e+01,4.155941963195800781e+00,nan,nan,6.706994328332143596e+00,4.068370176998625354e+00,2.638640721424764912e+00
9.345900000000000318e+00,-5.986000000000002430e-01,2.746896362304687500e+01,4.155848503112792969e+00,nan,nan,8.250183138680654338e+00,4.481483651844511584e+00,3.768737753018087666e+00
2.026999999999999957e+01,1.042699999999999960e+00,2.746898841857910156e+01,4.155970573425292969e+00,nan,nan,6.258027348351674846e+00,3.619409336296568913e+00,2.638625701054281514e+00
3.428800000000000381e+01,5.329500000000000348e+00,2.746901702880859375e+01,4.155989170074462891e+00,nan,nan,5.513703617882924846e+00,3.602845622746001286e+00,1.910864134415334981e+00
3.768699999999999761e+01,6.082499999999999574e+00,2.746898651123046875e+01,4.155969619750976562e+00,nan,nan,5.898387703728872111e+00,3.783283545223723454e+00,2.115113933666891377e+00
3.064699999999999847e+01,4.750200000000000422e+00,2.746898841857910156e+01,4.155956745147705078e+00,nan,nan,5.310525450539785197e+00,3.489373876301299138e+00,1.821155865772909443e+00
1.923799999999999955e+01,2.645399999999999974e+00,2.746898078918457031e+01,4.155952453613281250e+00,nan,nan,5.658990416360097697e+00,3.669027997700224919e+00,1.989969094380087178e+00
1.128800000000000026e+01,8.689299999999997581e-01,2.746898078918457031e+01,4.155951499938964844e+00,nan,nan,7.009839091134267619e+00,4.273860885349760608e+00,2.736002047642416279e+00
1.626399999999999935e+01,1.931000000000000050e+00,2.746898651123046875e+01,4.155976295471191406e+00,nan,nan,6.072737726998525432e+00,3.849169685093413396e+00,2.223581035717672627e+00
3.234599999999999653e+01,4.460499999999999687e+00,2.746895217895507812e+01,4.155993461608886719e+00,nan,nan,5.330600175690847209e+00,3.532084418980132146e+00,1.798519988640493672e+00
4.539399999999999835e+01,6.835599999999999454e+00,2.746897697448730469e+01,4.155965328216552734e+00,nan,nan,6.877976927590566447e+00,4.459242417065153674e+00,2.418758590801901143e+00
4.399800000000000466e+01,6.719800000000000217e+00,2.746899223327636719e+01,4.155955791473388672e+00,nan,nan,6.674922737908559611e+00,4.309335781780729846e+00,2.365605671986288350e+00
3.507699999999999818e+01,4.054999999999999716e+00,2.746899604797363281e+01,4.155955791473388672e+00,nan,nan,5.429424199891286662e+00,3.638285471645842595e+00,1.791140456780142109e+00
1.820599999999999952e+01,4.248099999999999099e-01,2.746898460388183594e+01,4.155966758728027344e+00,nan,nan,6.734125408959585002e+00,3.725292636600981755e+00,3.008845289334005635e+00
8.314199999999999591e+00,0.000000000000000000e+00,2.746898460388183594e+01,4.155967712402343750e+00,nan,nan,7.903422865700918010e+00,4.601345373837004260e+00,3.302124698742574971e+00
1.432200000000000095e+01,1.428900000000000059e+00,2.746898460388183594e+01,4.155966758728027344e+00,nan,nan,6.437757525277334025e+00,3.996552898136626286e+00,2.441221435650533955e+00
2.985800000000000054e+01,4.363999999999999879e+00,2.746892547607421875e+01,4.155816078186035156e+00,nan,nan,5.269851240945058635e+00,3.475732876507292790e+00,1.794122715576834004e+00
3.410600000000000165e+01,5.136400000000000077e+00,2.746898078918457031e+01,4.155960559844970703e+00,nan,nan,5.469546708893972209e+00,3.595176948753844304e+00,1.874374707325643818e+00
3.683699999999999619e+01,5.619100000000000428e+00,2.746895408630371094e+01,4.155900955200195312e+00,nan,nan,5.709042343926626017e+00,3.731402470318327946e+00,1.977646430119222920e+00
3.453099999999999881e+01,5.136400000000000077e+00,2.746898269653320312e+01,4.155961513519287109e+00,nan,nan,5.487685475182729533e+00,3.613321317879210515e+00,1.874369223698324483e+00
1.935900000000000176e+01,2.336500000000000021e+00,2.746899223327636719e+01,4.155892848968505859e+00,nan,nan,5.743002447915273478e+00,3.662934734074126286e+00,2.080076296909994404e+00
1.177299999999999791e+01,8.496199999999998198e-01,2.746899604797363281e+01,4.155955791473388672e+00,nan,nan,6.972756419015126994e+00,4.225673271862516955e+00,2.747108538731283467e+00
2.251500000000000057e+01,2.741999999999999993e+00,2.746965408325195312e+01,4.156177520751953125e+00,nan,nan,5.499694022965627482e+00,3.534403576103697819e+00,1.965303023441976826e+00
2.530699999999999861e+01,3.495000000000000107e+00,2.746897125244140625e+01,4.155938625335693359e+00,nan,nan,5.300935659241872600e+00,3.472457362858305974e+00,1.828482468708700459e+00
4.424100000000000676e+01,7.241100000000000314e+00,2.746898460388183594e+01,4.155967712402343750e+00,nan,nan,6.957916531396108439e+00,4.334565712658415393e+00,2.623378832920736592e+00
2.700600000000000023e+01,4.537799999999999834e+00,2.746893882751464844e+01,4.155898094177246094e+00,nan,nan,5.261591944527822307e+00,3.458567811695586247e+00,1.803028185948080342e+00
4.733599999999999142e+00,-3.668800000000000949e-01,2.746898651123046875e+01,4.155978202819824219e+00,nan,nan,8.649460348916250041e+00,5.068778349606047229e+00,3.580756862744039815e+00
2.069400000000000261e+01,1.409600000000000186e+00,2.746898460388183594e+01,4.155967235565185547e+00,nan,nan,6.051399979424672892e+00,3.600937082020293278e+00,2.450470407589620869e+00
6.050500000000000966e+01,8.476900000000000546e+00,2.746908378601074219e+01,4.156051158905029297e+00,nan,nan,1.028306678278465824e+01,6.858949257580290393e+00,3.424262960537618916e+00
5.310199999999999676e+01,7.955599999999999561e+00,2.746898460388183594e+01,4.155966758728027344e+00,nan,nan,8.559470209908681682e+00,5.505562617031584338e+00,3.053978164776510518e+00
1.359399999999999942e+01,1.737899999999998890e-01,2.746898460388183594e+01,4.155967235565185547e+00,nan,nan,7.236162218880849650e+00,4.057860566822538928e+00,3.178327997311300557e+00
-8.799699999999997857e+00,-2.877099999999999547e+00,2.746897315979003906e+01,4.155940055847167969e+00,nan,nan,1.367674306376000004e+01,7.557300640789518908e+00,6.119779070004171651e+00
2.749099999999999966e+01,4.035700000000000287e+00,2.746897697448730469e+01,4.155947208404541016e+00,nan,nan,5.249404582810598185e+00,3.457894160000334782e+00,1.791514475926107686e+00
5.716799999999999926e+01,9.480999999999999872e+00,2.746898269653320312e+01,4.155967712402343750e+00,nan,nan,1.047883895380516606e+01,6.206677986828337268e+00,4.272323806866354268e+00
4.575800000000000267e+01,7.395599999999999952e+00,2.746898460388183594e+01,4.155967712402343750e+00,nan,nan,7.209200177025991252e+00,4.500321580616484241e+00,2.708912213429159443e+00
5.461899999999999977e+00,-6.565300000000000580e-01,2.746896934509277344e+01,4.155949115753173828e+00,nan,nan,8.784633192849355510e+00,4.967235161510954455e+00,3.817466695889181416e+00
1.881299999999999883e+01,-1.158599999999996299e-01,2.746898460388183594e+01,4.155966758728027344e+00,nan,nan,7.078981194329458049e+00,3.691395117489348454e+00,3.387597044094747822e+00
5.067399999999999949e+01,7.917000000000000703e+00,2.746898460388183594e+01,4.155967712402343750e+00,nan,nan,8.164398226571279338e+00,5.136025025097380237e+00,3.028433044537252705e+00
3.732300000000000040e+01,5.522599999999999731e+00,2.746898651123046875e+01,4.155971050262451172e+00,nan,nan,5.714223894906240275e+00,3.760513855663786931e+00,1.953717132195181172e+00
5.279799999999998050e+00,1.737899999999998890e-01,2.746877479553222656e+01,4.155739307403564453e+00,nan,nan,8.170158419442373088e+00,4.992228581158171252e+00,3.177993734463400166e+00
3.216400000000000148e+00,-6.951499999999999346e-01,2.746898460388183594e+01,4.155969142913818359e+00,nan,nan,9.141058478188710978e+00,5.290962292400847033e+00,3.850185115917867940e+00
5.425500000000000256e+01,7.762500000000000178e+00,2.746898460388183594e+01,4.155967712402343750e+00,nan,nan,8.622637781930166057e+00,5.693913294521818713e+00,2.928793748005575459e+00
7.579899999999999238e+01,1.075500000000000078e+01,2.746898460388183594e+01,4.155965328216552734e+00,nan,nan,1.633834985239525395e+01,1.073686082526827867e+01,5.602074583157247822e+00
3.610900000000000176e+01,7.009400000000000297e+00,2.746898460388183594e+01,4.155967712402343750e+00,nan,nan,6.193467173409658244e+00,3.690541817394743962e+00,2.502936919316000264e+00
-2.670199999999997686e+00,-2.317199999999999704e+00,2.746898269653320312e+01,4.155961036682128906e+00,nan,nan,1.174653962595482426e+01,6.288787914959440783e+00,5.457958658322042744e+00
9.831399999999998585e+00,6.372200000000001197e-01,2.692291069030761719e+01,3.960156440734863281e+00,nan,nan,7.109467301202016642e+00,4.366294099537382678e+00,2.751910884960836690e+00
4.150999999999999801e+01,6.642500000000000071e+00,2.746898269653320312e+01,4.155981063842773438e+00,nan,nan,6.403715643716054728e+00,4.072309924808989123e+00,2.331423361881918233e+00
4.581899999999999551e+01,7.125299999999999301e+00,2.746897125244140625e+01,4.155963897705078125e+00,nan,nan,7.069268259835439494e+00,4.507288767544279651e+00,2.562007864102072041e+00
1.511099999999999888e+01,1.370999999999999996e+00,2.746898269653320312e+01,4.155971050262451172e+00,nan,nan,6.402974638772207072e+00,3.933838559834013981e+00,2.469152410610861104e+00
5.097699999999999676e+00,-1.390299999999998981e+00,2.746898651123046875e+01,4.155962944030761719e+00,nan,nan,9.500294718575673869e+00,5.017605139462004260e+00,4.482780655010885518e+00
4.242100000000000648e+01,5.754299999999999748e+00,2.746898651123046875e+01,4.155969619750976562e+00,nan,nan,6.168470415902334025e+00,4.154627634731779651e+00,2.013852675541586201e+00
5.443699999999999761e+01,8.650700000000000500e+00,2.746898841857910156e+01,4.155970573425292969e+00,nan,nan,9.282889399361806682e+00,5.724391295162687854e+00,3.558602293118185322e+00
2.251500000000000057e+01,2.741999999999999993e+00,2.746898460388183594e+01,4.155966758728027344e+00,nan,nan,5.499613914323049357e+00,3.534374369827757878e+00,1.965245206936544697e+00
-6.918400000000001882e+00,-2.027499999999999858e+00,2.746898460388183594e+01,4.155965328216552734e+00,nan,nan,1.227984288675804692e+01,7.143058373180876330e+00,5.137034376248068135e+00
2.032999999999999829e+01,2.143400000000000194e+00,2.746898460388183594e+01,4.155972480773925781e+00,nan,nan,5.761506113839345744e+00,3.616721405235777898e+00,2.144792874439901631e+00
6.511799999999999500e+01,9.828599999999999781e+00,2.746897506713867188e+01,4.155963897705078125e+00,nan,nan,1.248185876352806645e+01,7.875188423840056018e+00,4.606942136868185322e+00
6.894100000000000250e+01,8.303100000000000591e+00,2.746898460388183594e+01,4.155967235565185547e+00,nan,nan,1.211329701883812504e+01,8.817771984783659533e+00,3.295705993756002705e+00
1.662800000000000011e+01,2.838499999999999801e+00,2.746898460388183594e+01,4.155967235565185547e+00,nan,nan,5.766321453881460002e+00,3.824160410610686345e+00,1.942169268711752217e+00
-4.126699999999999591e+00,-2.780599999999999739e+00,2.746898460388183594e+01,4.155967712402343750e+00,nan,nan,1.257060769541283207e+01,6.569005324093351916e+00,6.001863439663595479e+00
3.101099999999999923e+01,4.595699999999999896e+00,2.746898460388183594e+01,4.155964374542236328e+00,nan,nan,5.304141197037893107e+00,3.496992243973265690e+00,1.807153006180471699e+00
4.169200000000000017e+01,6.758399999999999963e+00,2.746898460388183594e+01,4.155967235565185547e+00,nan,nan,6.471391711068349650e+00,4.088345004765043811e+00,2.383064826115316670e+00
2.743099999999999739e+01,3.977799999999999780e+00,2.746897888183593750e+01,4.155955791473388672e+00,nan,nan,5.250899109673696330e+00,3.457895352093230290e+00,1.793007751091665547e+00
4.855000000000000426e+00,-3.861900000000000333e-01,2.746899414062500000e+01,4.155959129333496094e+00,nan,nan,8.647595915627675822e+00,5.051612927166472033e+00,3.596052606686300557e+00
3.453099999999999881e+01,4.035700000000000287e+00,2.746890258789062500e+01,4.155934333801269531e+00,nan,nan,5.404878411126333049e+00,3.613329126087676091e+00,1.791551311596578877e+00
6.572499999999999432e+01,1.054299999999999926e+01,2.746911621093750000e+01,4.156052589416503906e+00,nan,nan,1.337909940226097660e+01,8.018704487530241565e+00,5.360917051418966572e+00
4.351300000000000523e+01,6.410800000000000054e+00,2.746899032592773438e+01,4.155984401702880859e+00,nan,nan,6.495358023476796916e+00,4.260112597195158557e+00,2.235266049488729756e+00
3.155699999999999505e+00,-9.075499999999996348e-01,2.746886825561523438e+01,4.155814170837402344e+00,nan,nan,9.334208044839101603e+00,5.300132824627409533e+00,4.034201105221456807e+00
-2.366800000000001347e+00,-1.544800000000000395e+00,2.746897888183593750e+01,4.155950069427490234e+00,nan,nan,1.086681560022850590e+01,6.232080294338713244e+00,4.634893138989157002e+00
4.017499999999999716e+01,5.831500000000000128e+00,2.746898460388183594e+01,4.155968189239501953e+00,nan,nan,5.996990475487905314e+00,3.961032463757048649e+00,2.035967667683309834e+00
6.426800000000000068e+01,9.172100000000000364e+00,2.746898460388183594e+01,4.155966281890869141e+00,nan,nan,1.167050794107933598e+01,7.677989556042204455e+00,3.992728908642477315e+00
3.434900000000000375e+01,6.449399999999999800e+00,2.746898460388183594e+01,4.155967235565185547e+00,nan,nan,5.856045279336171916e+00,3.605413092819701237e+00,2.250640113934225361e+00
1.820599999999998886e-01,-2.993000000000000327e+00,2.746898460388183594e+01,4.155966281890869141e+00,nan,nan,1.204185250742455082e+01,5.778337313381681994e+00,6.263720472439474385e+00
2.063400000000000034e+01,2.027499999999999858e+00,2.746899032592773438e+01,4.155973911285400391e+00,nan,nan,5.790281567406850627e+00,3.603483154026518864e+00,2.186806400402731221e+00
4.757899999999999352e+01,7.839699999999999669e+00,2.746897697448730469e+01,4.155947685241699219e+00,nan,nan,7.696254763436513713e+00,4.718237711636076526e+00,2.978058059796041768e+00
2.912999999999999901e+01,4.904600000000000293e+00,2.746898269653320312e+01,4.155962467193603516e+00,nan,nan,5.305771860909658244e+00,3.466490282265196843e+00,1.839285691364950459e+00
6.311499999999998778e+00,0.000000000000000000e+00,2.746898078918457031e+01,4.155962467193603516e+00,nan,nan,8.155001673531728557e+00,4.852946593014250354e+00,3.302109439953512471e+00
1.250199999999999889e+01,5.213599999999996015e-01,2.746898651123046875e+01,4.155971050262451172e+00,nan,nan,7.102573189568715861e+00,4.156015350071440295e+00,2.946585376843160908e+00
5.728899999999998727e+01,8.283799999999999386e+00,2.746896743774414062e+01,4.155959129333496094e+00,nan,nan,9.510736975503164103e+00,6.229125096050749377e+00,3.281708677395529072e+00
6.262900000000000489e+01,9.210699999999999221e+00,2.746898460388183594e+01,4.155966758728027344e+00,nan,nan,1.133701566202660160e+01,7.310456349102507190e+00,4.026756723507589619e+00
2.203000000000000114e+01,1.467500000000000249e+00,2.746898460388183594e+01,4.155967235565185547e+00,nan,nan,5.973002466988759807e+00,3.550082816330443425e+00,2.422925432308859151e+00
-1.049899999999999878e+01,-3.282599999999999518e+00,2.746898460388183594e+01,4.155967235565185547e+00,nan,nan,1.458348039133568363e+01,7.950429035870085315e+00,6.633477171047872822e+00
1.929899999999999949e+01,2.297800000000000065e+00,2.746887588500976562e+01,4.155807971954345703e+00,nan,nan,5.758344445061879924e+00,3.665906979290495915e+00,2.092446644886678975e+00
5.231300000000000239e+01,8.071400000000000574e+00,2.746898460388183594e+01,4.155965328216552734e+00,nan,nan,8.513561758828359416e+00,5.381448580471525744e+00,3.132183035000509541e+00
4.952100000000000080e+01,7.723900000000000432e+00,2.746898460388183594e+01,4.155967712402343750e+00,nan,nan,7.877904448342519572e+00,4.973406388012419299e+00,2.904549081906027119e+00
1.080199999999999960e+01,5.599799999999999223e-01,2.746898460388183594e+01,4.155888557434082031e+00,nan,nan,7.245446238351064494e+00,4.323557450024138049e+00,2.921920855625814717e+00
1.195499999999999829e+01,5.792899999999967520e-02,2.746897506713867188e+01,4.155960083007812500e+00,nan,nan,7.468202862572866252e+00,4.207976056782255725e+00,3.260257919415182393e+00
5.128100000000000591e+01,7.897600000000000620e+00,2.746898460388183594e+01,4.155967712402343750e+00,nan,nan,8.240595850777822307e+00,5.224965168682585315e+00,3.015692432507223408e+00
4.630499999999999972e+01,7.337699999999999889e+00,2.746898651123046875e+01,4.155974388122558594e+00,nan,nan,7.239938769173818400e+00,4.563608719555388049e+00,2.676366050823873799e+00
1.001300000000000168e+01,5.599799999999999223e-01,2.746897506713867188e+01,4.155940055847167969e+00,nan,nan,7.329596552682119182e+00,4.407514406887541369e+00,2.922112305744833272e+00
-4.855000000000000426e+00,-2.181999999999999496e+00,2.746898460388183594e+01,4.155966758728027344e+00,nan,nan,1.202021077616234379e+01,6.714081360546598987e+00,5.306362112148947041e+00
3.774800000000000466e+01,4.827399999999999913e+00,2.746898078918457031e+01,4.155964851379394531e+00,nan,nan,5.616864237618642619e+00,3.787179781643401189e+00,1.829688032253927510e+00
4.824699999999999989e+01,7.627299999999999969e+00,2.746898841857910156e+01,4.155973911285400391e+00,nan,nan,7.648327860665517619e+00,4.803356720654020862e+00,2.845018823727316182e+00
5.643899999999998585e+00,-8.689299999999997581e-01,2.746898269653320312e+01,4.155959606170654297e+00,nan,nan,8.942700419259267619e+00,4.942375971523771838e+00,4.000398357495016377e+00
-1.092400000000001370e+00,-1.448199999999999932e+00,2.744726943969726562e+01,4.143879413604736328e+00,nan,nan,1.051565316660423832e+01,5.995740963665495471e+00,4.523338993176168721e+00
3.392399999999999949e+01,5.252200000000000202e+00,2.746898269653320312e+01,4.155969619750976562e+00,nan,nan,5.483169708085256389e+00,3.587751223293791814e+00,1.895423908814138692e+00
5.510399999999999920e+01,8.148699999999999832e+00,2.746897506713867188e+01,4.155963420867919922e+00,nan,nan,9.023505720925527385e+00,5.837901665417204455e+00,3.185687740429586690e+00
3.046499999999999986e+01,4.788800000000000168e+00,2.746898460388183594e+01,4.155966758728027344e+00,nan,nan,5.311142000985341838e+00,3.485866679398070378e+00,1.825279613121694844e+00
2.427500000000009095e-01,-1.988900000000000112e+00,2.746898078918457031e+01,4.155911922454833984e+00,nan,nan,1.086304334146996098e+01,5.768021179882536487e+00,5.095160921200460713e+00
2.530699999999999861e+01,1.679899999999999949e+00,2.746899032592773438e+01,4.155981540679931641e+00,nan,nan,5.799376520943837932e+00,3.472473217693816228e+00,2.326905329807943623e+00
5.207000000000000028e+01,8.476900000000000546e+00,2.746898651123046875e+01,4.155968666076660156e+00,nan,nan,8.768437418770986369e+00,5.344002558437834338e+00,3.424518068417257588e+00
3.234599999999999653e+01,4.692199999999999704e+00,2.746899414062500000e+01,4.155964374542236328e+00,nan,nan,5.347458276581960490e+00,3.532031370846282048e+00,1.815431137665457051e+00
1.092400000000001370e+00,-2.703300000000004033e-01,2.746898460388183594e+01,4.155962944030761719e+00,nan,nan,9.131207022500234416e+00,5.626093222347746448e+00,3.505200346096700947e+00
9.649300000000000210e+00,3.282600000000002183e-01,2.746898460388183594e+01,4.155968189239501953e+00,nan,nan,7.520193610024648478e+00,4.447501851765165881e+00,3.072729786022848408e+00
5.528600000000000136e+01,8.361100000000000421e+00,2.746898269653320312e+01,4.155965805053710938e+00,nan,nan,9.207367453408437541e+00,5.869351698605070666e+00,3.338110645397848408e+00
7.391700000000000159e+01,9.403800000000000381e+00,2.746896362304687500e+01,4.155960083007812500e+00,nan,nan,1.438154653055687504e+01,1.018104179069186266e+01,4.200840433224386494e+00
2.864400000000000190e+01,6.275599999999999845e+00,2.746898460388183594e+01,4.155967235565185547e+00,nan,nan,5.645693812203603557e+00,3.462194396702300114e+00,2.183501680477804463e+00
-6.068699999999996209e+00,-2.857800000000000118e+00,2.746898460388183594e+01,4.155967712402343750e+00,nan,nan,1.305902150614281254e+01,6.963193966595182971e+00,6.096127470120138447e+00
1.486800000000000033e+01,1.428900000000000059e+00,2.746893501281738281e+01,4.155895709991455078e+00,nan,nan,6.393902335000234416e+00,3.952736212460051579e+00,2.441181023701376240e+00
4.588000000000000256e+01,7.125299999999999301e+00,2.746898460388183594e+01,4.155967235565185547e+00,nan,nan,7.076256785226064494e+00,4.514275981632719592e+00,2.562010605915731709e+00
4.320899999999999608e+01,6.565299999999999692e+00,2.746898460388183594e+01,4.155966758728027344e+00,nan,nan,6.528334173989492228e+00,4.230001165119658069e+00,2.298351247891134541e+00
1.147000000000000064e+01,8.689299999999997581e-01,2.746900558471679688e+01,4.155918121337890625e+00,nan,nan,6.991375241112905314e+00,4.255559159962187366e+00,2.735844095333761494e+00
1.407900000000000063e+01,8.303200000000003911e-01,2.746894264221191406e+01,4.155943870544433594e+00,nan,nan,6.774944338631826213e+00,4.016645862308989123e+00,2.758318861111349385e+00
5.474000000000000199e+01,8.496199999999999974e+00,2.746903228759765625e+01,4.155995368957519531e+00,nan,nan,9.214623961281972697e+00,5.775604321209440783e+00,3.439141710385031026e+00
5.200899999999999324e+01,8.129400000000000404e+00,2.746899604797363281e+01,4.156008243560791016e+00,nan,nan,8.506739172768789103e+00,5.334659887997160510e+00,3.172181566342062276e+00
1.656799999999999784e+01,1.197200000000000042e+00,2.746884346008300781e+01,4.155798435211181641e+00,nan,nan,6.384621891808706096e+00,3.828217102734099431e+00,2.556424816235250752e+00
-7.282500000000002416e+00,-2.529600000000000293e+00,2.746898460388183594e+01,4.155964374542236328e+00,nan,nan,1.292380765421410160e+01,7.221508099285612658e+00,5.702591856106466572e+00
2.870499999999999829e+01,3.630199999999999871e+00,2.746898460388183594e+01,4.155968666076660156e+00,nan,nan,5.277079257798391154e+00,3.462652994839201970e+00,1.814429541214651387e+00
6.851600000000000534e+01,1.017600000000000016e+01,2.746898460388183594e+01,4.155967235565185547e+00,nan,nan,1.367064813120384770e+01,8.708485676495085315e+00,4.962526281460470479e+00
5.643899999999999295e+01,7.762500000000000178e+00,2.746898460388183594e+01,4.155967235565185547e+00,nan,nan,9.002111944985585978e+00,6.073395325390348987e+00,2.928793867214865010e+00
6.857700000000001239e+00,-1.621999999999999886e+00,2.746898460388183594e+01,4.155967235565185547e+00,nan,nan,9.494257006478505900e+00,4.781849219051848010e+00,4.712492426022238057e+00
4.126699999999999591e+00,-1.409600000000000186e+00,2.746898841857910156e+01,4.155974388122558594e+00,nan,nan,9.657345805001455119e+00,5.155933453289518908e+00,4.501518209561056416e+00
3.884000000000000341e+01,6.352899999999999991e+00,2.746873474121093750e+01,4.155685424804687500e+00,nan,nan,6.073683533501821330e+00,3.860877110210906071e+00,2.212831814869589131e+00
3.598799999999999955e+01,6.352899999999999991e+00,2.746898460388183594e+01,4.155967712402343750e+00,nan,nan,5.896771464181142619e+00,3.684071137157927556e+00,2.212709625347799580e+00
2.020899999999999963e+01,2.452300000000000146e+00,2.746899414062500000e+01,4.155988216400146484e+00,nan,nan,5.666511568856435588e+00,3.622170163837920231e+00,2.044349392040914815e+00
4.915700000000001069e+00,-8.109999999999999432e-01,2.746898651123046875e+01,4.155973434448242188e+00,nan,nan,8.992675337624746135e+00,5.043082310406218127e+00,3.949675520046896260e+00
4.108500000000000085e+01,5.039799999999999613e+00,2.746896553039550781e+01,4.155973911285400391e+00,nan,nan,5.894313845467763713e+00,4.035682751385222033e+00,1.858635206803030293e+00
6.087000000000000455e+01,9.635500000000000398e+00,2.746898460388183594e+01,4.155966758728027344e+00,nan,nan,1.135289195520897465e+01,6.934637619701872424e+00,4.418464382275289815e+00
3.525900000000000034e+01,4.228799999999999670e+00,2.746898460388183594e+01,4.155967235565185547e+00,nan,nan,5.437706026864248088e+00,3.647017909733305974e+00,1.790690143688864033e+00
-3.337799999999997880e+00,-2.027499999999999858e+00,2.746898460388183594e+01,4.155967235565185547e+00,nan,nan,1.155241969568749028e+01,6.415587259975920276e+00,5.137036760433859151e+00
4.976400000000001711e+00,-4.054999999999999716e-01,2.746896934509277344e+01,4.155929088592529297e+00,nan,nan,8.645991835427480510e+00,5.034565998760710315e+00,3.611487110241598408e+00
4.770000000000000284e+01,7.607999999999999652e+00,2.746897506713867188e+01,4.155947685241699219e+00,nan,nan,7.566740307641225627e+00,4.733448816982756213e+00,2.833330948933309834e+00
6.378300000000000125e+01,9.114200000000000301e+00,2.746898269653320312e+01,4.155969619750976562e+00,nan,nan,1.150944760782738285e+01,7.567487313000212268e+00,3.942164857968038838e+00
2.712699999999999889e+01,5.117099999999999760e+00,2.746896362304687500e+01,4.155949115753173828e+00,nan,nan,5.329354677033620646e+00,3.458255423752318425e+00,1.871102710350698750e+00
2.002700000000000813e+00,-1.892299999999999649e+00,2.746897506713867188e+01,4.155956745147705078e+00,nan,nan,1.047113612635155278e+01,5.479019238201628283e+00,4.992248972042745869e+00
3.089000000000000057e+01,4.093600000000000350e+00,2.746898460388183594e+01,4.155967712402343750e+00,nan,nan,5.284930023980336955e+00,3.494366361347685856e+00,1.790566940888113301e+00
4.897500000000000142e+01,7.453500000000000014e+00,2.746898460388183594e+01,4.155966281890869141e+00,nan,nan,7.641296419930654338e+00,4.899289681164274768e+00,2.742049534901327412e+00
2.463899999999999935e+01,3.746100000000000207e+00,2.746894264221191406e+01,4.155909061431884766e+00,nan,nan,5.287814054322439006e+00,3.482853724209319157e+00,1.804964740856832783e+00
1.213699999999988677e-01,-1.332400000000000695e+00,2.746897697448730469e+01,4.155956268310546875e+00,nan,nan,1.021536115152855473e+01,5.788660837856779651e+00,4.426832635983175557e+00
2.239400000000000190e+01,2.259199999999999875e+00,2.746898269653320312e+01,4.155965805053710938e+00,nan,nan,5.643311533761220744e+00,3.538155748096953435e+00,2.105161507710165303e+00
6.930500000000000682e+01,1.040799999999999947e+01,2.746898460388183594e+01,4.155966758728027344e+00,nan,nan,1.412360337717552738e+01,8.912266327587614612e+00,5.211741407498068135e+00
6.268999999999999773e+01,8.959699999999999775e+00,2.746898460388183594e+01,4.155966758728027344e+00,nan,nan,1.113381198389549809e+01,7.323835446087370471e+00,3.810156782253927510e+00
1.711400000000000077e+01,8.882399999999992524e-01,2.746898841857910156e+01,4.155971050262451172e+00,nan,nan,6.516975197625356486e+00,3.792056872097502751e+00,2.724932988270468037e+00
-4.126699999999999591e+00,-2.259200000000000763e+00,2.745992851257324219e+01,4.150284290313720703e+00,nan,nan,1.194677213175316410e+01,6.566895796505461291e+00,5.382486780270284932e+00
2.567099999999999937e+01,3.803999999999999826e+00,2.746899414062500000e+01,4.155993461608886719e+00,nan,nan,5.269494328332143596e+00,3.468112661091338200e+00,1.801387091263479512e+00
4.867100000000000648e+01,8.148699999999999832e+00,2.746898460388183594e+01,4.155967712402343750e+00,nan,nan,8.044463667702871135e+00,4.858828856197844104e+00,3.185692985638326924e+00
3.786899999999999977e+01,6.275599999999999845e+00,2.746896362304687500e+01,4.155963420867919922e+00,nan,nan,5.978475842309194377e+00,3.794979407040129704e+00,2.183506687267965596e+00
4.855000000000000426e+00,-1.081299999999999706e+00,2.746900367736816406e+01,4.155971527099609375e+00,nan,nan,9.242432150674062541e+00,5.051591469494352893e+00,4.190929134472555440e+00
1.796300000000000097e+01,-4.441199999999998482e-01,2.746899223327636719e+01,4.155958652496337891e+00,nan,nan,7.381970915627675822e+00,3.739507867542754216e+00,3.642475326641744893e+00
5.188800000000000523e+01,8.187300000000000466e+00,2.746898460388183594e+01,4.155967712402343750e+00,nan,nan,8.528932604623037150e+00,5.316201283184538440e+00,3.212804277523702901e+00
4.211699999999999733e+01,6.352899999999999991e+00,2.746898460388183594e+01,4.155967712402343750e+00,nan,nan,6.339279208016591838e+00,4.126584841457853869e+00,2.212709506138510029e+00
8.192800000000001859e+00,3.475700000000001566e-01,2.746898460388183594e+01,4.155962944030761719e+00,nan,nan,7.675662073922353557e+00,4.615885450092802600e+00,3.059817751034445088e+00
-6.675600000000052603e-01,-8.496199999999998198e-01,2.746898460388183594e+01,4.155966758728027344e+00,nan,nan,9.908422026467519572e+00,5.925086571423063830e+00,3.983456094845480244e+00
4.320899999999999608e+01,6.546000000000000263e+00,2.746898651123046875e+01,4.155974864959716797e+00,nan,nan,6.520220312905507853e+00,4.229999615398893908e+00,2.290239770992941182e+00
7.312800000000000011e+01,1.015700000000000003e+01,2.746897125244140625e+01,4.155963420867919922e+00,nan,nan,1.489665845377464848e+01,9.954590870586882190e+00,4.942499597653097432e+00
5.140200000000000102e+01,7.337699999999999889e+00,2.746898460388183594e+01,4.155966758728027344e+00,nan,nan,7.919296297860341838e+00,5.242969109264860705e+00,2.676374157055563252e+00
1.213699999999999335e+00,-2.799900000000000055e+00,2.746898460388183594e+01,4.155965805053710938e+00,nan,nan,1.163134530527611332e+01,5.606197191921721057e+00,6.025329549893087666e+00
5.219100000000000961e+00,-9.075499999999996348e-01,2.746898460388183594e+01,4.155968666076660156e+00,nan,nan,9.035154852700429728e+00,5.000725580898771838e+00,4.034510572537130635e+00
3.823300000000000409e+01,6.468700000000000117e+00,2.746898460388183594e+01,4.155967235565185547e+00,nan,nan,6.077396187615590861e+00,3.818986250607024235e+00,2.258421977146810811e+00
4.976399999999999579e+01,7.646600000000000286e+00,2.746898460388183594e+01,4.155977725982666016e+00,nan,nan,7.863717112374501994e+00,5.006989790646086291e+00,2.856781323536581318e+00
1.323000000000000043e+01,1.255100000000000104e+00,2.746888732910156250e+01,4.155818939208984375e+00,nan,nan,6.616461310219960978e+00,4.089741899219999866e+00,2.526740987881368916e+00
-6.675599999999999312e+00,-1.853699999999999015e+00,2.746898460388183594e+01,4.155967235565185547e+00,nan,nan,1.204251721842308598e+01,7.091203285900602893e+00,4.951549728497213643e+00
3.301400000000000290e+01,4.035700000000000287e+00,2.746898269653320312e+01,4.155965328216552734e+00,nan,nan,5.345209035706716350e+00,3.553717745987425847e+00,1.791493733509725850e+00
7.470600000000000307e+01,1.081299999999999883e+01,2.746898269653320312e+01,4.155964374542236328e+00,nan,nan,1.608017972452660160e+01,1.041137559577609117e+01,5.669371088131613057e+00
5.680300000000000438e+01,7.723900000000000432e+00,2.746898460388183594e+01,4.155967235565185547e+00,nan,nan,9.044007334542470744e+00,6.139532162395964221e+00,2.904552658184713643e+00
5.037099999999998801e+00,-1.757200000000000095e+00,2.746898460388183594e+01,4.155967712402343750e+00,nan,nan,9.876809630227285197e+00,5.026068999020109729e+00,4.850844104870504658e+00
1.820599999999998886e+00,-1.409600000000000186e+00,2.746480941772460938e+01,4.153033733367919922e+00,nan,nan,1.000321200830956059e+01,5.507268025127897815e+00,4.497012813671774190e+00
3.617000000000000171e+01,5.735000000000000320e+00,2.746896171569824219e+01,4.155940532684326172e+00,nan,nan,5.702361616921621135e+00,3.693845941273222966e+00,2.008522470577902119e+00
4.035699999999999932e+01,7.144599999999999618e+00,2.746898460388183594e+01,4.155967235565185547e+00,nan,nan,6.547606501412587932e+00,3.975549532619963689e+00,2.572076399906820576e+00
2.378900000000000148e+01,3.243999999999999773e+00,2.746897506713867188e+01,4.155966758728027344e+00,nan,nan,5.363135490250783732e+00,3.500094665733824773e+00,1.863045652493185322e+00
3.459199999999999164e+00,-1.081299999999999706e+00,2.746898460388183594e+01,4.155966281890869141e+00,nan,nan,9.445516142678457072e+00,5.254443480221281604e+00,4.191169698818868916e+00
3.617000000000000171e+01,3.205400000000000027e+00,2.746896171569824219e+01,4.155960559844970703e+00,nan,nan,5.563183817696767619e+00,3.693840338436614079e+00,1.869341154679006856e+00
5.765299999999999869e+01,9.017599999999999838e+00,2.746898460388183594e+01,4.155967235565185547e+00,nan,nan,1.015618852121849613e+01,6.297188593594084338e+00,3.859142025097555440e+00
3.349900000000000233e+01,4.344699999999999562e+00,2.746898460388183594e+01,4.155967712402343750e+00,nan,nan,5.364555392098623088e+00,3.571213676182280583e+00,1.793344815357870381e+00
-4.187400000000000233e+00,-2.162699999999999179e+00,2.746898460388183594e+01,4.155964851379394531e+00,nan,nan,1.186572793467064457e+01,6.580970598904142932e+00,5.284978826626486104e+00
7.585899999999998755e+00,-3.861899999999973687e-02,2.746898078918457031e+01,4.155956268310546875e+00,nan,nan,8.020237479043203166e+00,4.689949824062834338e+00,3.330335100277609151e+00
5.504399999999999693e+01,8.708600000000000563e+00,2.746899032592773438e+01,4.155986785888671875e+00,nan,nan,9.431715044808584025e+00,5.827503754345427112e+00,3.604329307659811299e+00
6.948699999999999477e+01,9.268599999999999284e+00,2.746897888183593750e+01,4.155968666076660156e+00,nan,nan,1.303781751139183598e+01,8.959825112072477893e+00,4.078272302731222432e+00
2.670199999999999818e+01,6.951500000000000234e+00,2.746896171569824219e+01,4.155949592590332031e+00,nan,nan,5.934034857583242228e+00,3.459723962990294499e+00,2.474309046848959248e+00
-1.213699999999999335e+00,-2.645399999999999530e+00,2.746898460388183594e+01,4.155959129333496094e+00,nan,nan,1.186087087137718754e+01,6.021792723385344104e+00,5.839281995876974385e+00
2.633800000000000097e+01,3.031600000000000072e+00,2.746898460388183594e+01,4.155968189239501953e+00,nan,nan,5.362767014336782267e+00,3.461876823154936833e+00,1.900893886669821065e+00
4.448399999999999466e+01,6.777700000000000280e+00,2.746898460388183594e+01,4.155967235565185547e+00,nan,nan,6.752020869088369182e+00,4.360152794567595080e+00,2.391890724285787861e+00
2.621699999999999875e+01,3.997100000000000097e+00,2.746822738647460938e+01,4.155561923980712891e+00,nan,nan,5.255453619790273478e+00,3.462856425491820378e+00,1.792602022274679463e+00
5.037099999999998801e+00,-4.441199999999998482e-01,2.746898078918457031e+01,4.155966281890869141e+00,nan,nan,8.668496165108876994e+00,5.026067330090056018e+00,3.642499645336813252e+00
2.476000000000000156e+01,2.201299999999999812e+00,2.746898460388183594e+01,4.155966281890869141e+00,nan,nan,5.605438504052358439e+00,3.480760468689452214e+00,2.124681671246237080e+00
6.669599999999999795e+01,1.044700000000000095e+01,2.746898460388183594e+01,4.155964851379394531e+00,nan,nan,1.350738862497826176e+01,8.253213001934538440e+00,5.254533250912374776e+00
5.625699999999999790e+01,8.090700000000000003e+00,2.746898841857910156e+01,4.155977725982666016e+00,nan,nan,9.185964617562490275e+00,6.040633513180265979e+00,3.145428617581075947e+00
1.383699999999999974e+01,1.544800000000003948e-01,2.746898841857910156e+01,4.155971050262451172e+00,nan,nan,7.228804621529775432e+00,4.037029458729277209e+00,3.191801269634908955e+00
-4.976400000000001711e+00,-2.239899999999999558e+00,2.746814918518066406e+01,4.155200481414794922e+00,nan,nan,1.210666421396751957e+01,6.738383843151579455e+00,5.368972261532491963e+00
2.664199999999999946e+01,3.919900000000000162e+00,2.746898460388183594e+01,4.155967712402343750e+00,nan,nan,5.255127105546193889e+00,3.460022105423461003e+00,1.795109112843221943e+00
5.662099999999999511e+01,8.785899999999999821e+00,2.746898269653320312e+01,4.155965328216552734e+00,nan,nan,9.772877249551015666e+00,6.106361223904142932e+00,3.666637380703634541e+00
4.090299999999999869e+01,6.893500000000000405e+00,2.746898460388183594e+01,4.155966758728027344e+00,nan,nan,6.466536316704946330e+00,4.020339085308561877e+00,2.446215470417684834e+00
1.881299999999999528e+00,-1.506199999999999761e+00,2.746899795532226562e+01,4.155913829803466797e+00,nan,nan,1.009448817713280278e+01,5.498318268505583362e+00,4.596277435406393330e+00
1.335099999999999731e+01,-8.109999999999999432e-01,2.746899032592773438e+01,4.155979156494140625e+00,nan,nan,8.028509173226552775e+00,4.079056216923246936e+00,3.949486930950826924e+00
4.921800000000000352e+01,7.974899999999999878e+00,2.746898841857910156e+01,4.155970096588134766e+00,nan,nan,7.998810801339345744e+00,4.932042195049772815e+00,3.066825111492819111e+00
3.750500000000000256e+01,6.043899999999999828e+00,2.746898841857910156e+01,4.155967712402343750e+00,nan,nan,5.874013933968740275e+00,3.771795942036162419e+00,2.102227290257162373e+00
7.585899999999998755e+00,7.530799999999997496e-01,2.746898269653320312e+01,4.155957221984863281e+00,nan,nan,7.493761095833974650e+00,4.689950539318571643e+00,2.803846080883688252e+00
4.612199999999997857e+00,-5.599800000000003664e-01,2.746898460388183594e+01,4.155968189239501953e+00,nan,nan,8.822956118416982463e+00,5.086039377895842151e+00,3.736993034466451924e+00
4.976399999999999579e+01,6.700400000000000134e+00,2.746898460388183594e+01,4.155967235565185547e+00,nan,nan,7.363895449471669963e+00,5.006990267483244494e+00,2.356934149845785420e+00
7.506999999999999318e+01,1.009900000000000020e+01,2.746897888183593750e+01,4.155963420867919922e+00,nan,nan,1.540037110788841801e+01,1.051894672080660875e+01,4.881884296520895283e+00
4.375600000000000023e+01,6.487999999999999545e+00,2.746898460388183594e+01,4.155967235565185547e+00,nan,nan,6.550848517251210978e+00,4.284597708431730823e+00,2.266268928631490986e+00
-3.155699999999995953e+00,-2.838499999999998913e+00,2.746898460388183594e+01,4.155967712402343750e+00,nan,nan,1.245293954355736332e+01,6.380724741665373401e+00,6.072464902981466572e+00
5.097699999999999676e+00,-7.530799999999997496e-01,2.746883583068847656e+01,4.155797958374023438e+00,nan,nan,8.916833910775380900e+00,5.017582489696989612e+00,3.899359901531881611e+00
4.393800000000000239e+01,7.009400000000000297e+00,2.746898460388183594e+01,4.155967712402343750e+00,nan,nan,6.806088719201284221e+00,4.303176714626799182e+00,2.502936442478842061e+00
5.049199999999999733e+01,7.472800000000000331e+00,2.746898460388183594e+01,4.155967235565185547e+00,nan,nan,7.862982783150869182e+00,5.109805418697844104e+00,2.753225286587423604e+00
1.966300000000000026e+01,2.201299999999999812e+00,2.746898651123046875e+01,4.155965805053710938e+00,nan,nan,5.772464785409169963e+00,3.647787882534514470e+00,2.124684889897054951e+00
6.614899999999998670e+00,-5.599800000000003664e-01,2.746897125244140625e+01,4.155950546264648438e+00,nan,nan,8.550104174447255900e+00,4.813222719875822619e+00,3.736942489727682393e+00
4.606199999999999761e+01,6.661800000000000388e+00,2.746899986267089844e+01,4.155976772308349609e+00,nan,nan,6.875102791619497111e+00,4.535262419430265979e+00,2.339865882977194111e+00
5.461899999999999977e+01,8.592800000000000438e+00,2.746898841857910156e+01,4.155989170074462891e+00,nan,nan,9.268333945107656291e+00,5.755094839779387073e+00,3.513358314617819111e+00
2.348600000000000065e+01,2.664699999999999847e+00,2.746880722045898438e+01,4.155797481536865234e+00,nan,nan,5.492232713532644084e+00,3.507342828957091374e+00,1.984895189388937276e+00
-6.311499999999998778e+00,-2.239899999999999558e+00,2.746898269653320312e+01,4.155961036682128906e+00,nan,nan,1.238475945932884770e+01,7.014130665508757190e+00,5.370882948025411885e+00
1.875199999999999889e+01,1.815100000000000158e+00,2.746898651123046875e+01,4.155970573425292969e+00,nan,nan,5.964587721657949260e+00,3.694698406902800603e+00,2.269899328335470479e+00
6.535999999999999943e+01,9.905799999999999272e+00,2.746898460388183594e+01,4.155967235565185547e+00,nan,nan,1.261601880533714848e+01,7.932153298107634143e+00,4.684153278454489033e+00
6.317600000000000193e+01,8.399699999999999278e+00,2.746898460388183594e+01,4.155967235565185547e+00,nan,nan,1.079776719553490238e+01,7.431255890575895862e+00,3.366657932385153096e+00
1.480799999999999983e+01,-5.792900000000003047e-01,2.746898460388183594e+01,4.155967235565185547e+00,nan,nan,7.710404906106191447e+00,3.957463814465056462e+00,3.752967317684835713e+00
-1.092400000000001370e+00,-2.471600000000000463e+00,2.746898651123046875e+01,4.155969142913818359e+00,nan,nan,1.163496163828392582e+01,6.000153137890348987e+00,5.635008295162863057e+00
3.252799999999999869e+01,4.769499999999999851e+00,2.746660614013671875e+01,4.154144287109375000e+00,nan,nan,5.361365470719533732e+00,3.537745310513030095e+00,1.823639412506765645e+00
3.823300000000000409e+01,6.623199999999999754e+00,2.746898460388183594e+01,4.155967712402343750e+00,nan,nan,6.142040047478872111e+00,3.818986250607024235e+00,2.323066790684408467e+00
2.815900000000000247e+01,3.958499999999999908e+00,2.746898841857910156e+01,4.155981540679931641e+00,nan,nan,5.253068361115651896e+00,3.459386600700865788e+00,1.793685753925985615e+00
4.551600000000000534e+00,-6.565300000000000580e-01,2.746896743774414062e+01,4.155988693237304688e+00,nan,nan,8.911602053475576213e+00,5.094573809353361682e+00,3.817117174252218526e+00
3.052599999999999980e+01,2.838499999999999801e+00,2.746898460388183594e+01,4.155966281890869141e+00,nan,nan,5.429185781312185100e+00,3.487017406670104069e+00,1.942168791874594014e+00
6.014100000000000534e+01,9.075499999999999901e+00,2.746898460388183594e+01,4.155967235565185547e+00,nan,nan,1.069308427317162113e+01,6.784535004345427112e+00,3.908715446575826924e+00
4.296699999999999875e+01,5.812199999999999811e+00,2.746898460388183594e+01,4.155967235565185547e+00,nan,nan,6.236770186257558635e+00,4.206441833225737170e+00,2.030339081867880147e+00
1.517199999999998994e+00,-1.004100000000000215e+00,2.746898460388183594e+01,4.155967235565185547e+00,nan,nan,9.677621874642568400e+00,5.556817604748259143e+00,4.120914180859274190e+00
-1.820599999999998886e+00,-1.621999999999999886e+00,2.746898078918457031e+01,4.155953884124755859e+00,nan,nan,1.084375194056053715e+01,6.131438566891203479e+00,4.712470729931539815e+00
4.242100000000000648e+01,6.449399999999999800e+00,2.746893882751464844e+01,4.155893802642822266e+00,nan,nan,6.405287537408071330e+00,4.154630138126860217e+00,2.250672062023824971e+00
6.699899999999999523e+01,9.789999999999999147e+00,2.746898269653320312e+01,4.155970096588134766e+00,nan,nan,1.289601472361107426e+01,8.327577187267790393e+00,4.568741520031637471e+00
2.524599999999999866e+01,3.610899999999999999e+00,2.743058013916015625e+01,4.122679710388183594e+00,nan,nan,5.286312374901967814e+00,3.472809030262480778e+00,1.813509841545767109e+00
2.457800000000000296e+01,3.359900000000000109e+00,2.737165069580078125e+01,4.080354213714599609e+00,nan,nan,5.318944010567861369e+00,3.482401801792632146e+00,1.836563368424124043e+00
2.506400000000000006e+01,3.340599999999999792e+00,2.733244705200195312e+01,4.054059505462646484e+00,nan,nan,5.310228977036672404e+00,3.474213673321257634e+00,1.836034794434255879e+00
2.597400000000000020e+01,3.456399999999999917e+00,2.733119773864746094e+01,4.054119586944580078e+00,nan,nan,5.286634120774465373e+00,3.463908089844237370e+00,1.822729964836782734e+00
3.580599999999999739e+01,5.599800000000000111e+00,2.746874809265136719e+01,4.155742168426513672e+00,nan,nan,5.647307190728383830e+00,3.674522115437041325e+00,1.972802003010458272e+00
3.028300000000000125e+01,4.344699999999999562e+00,2.746898078918457031e+01,4.155965328216552734e+00,nan,nan,5.275916132760244182e+00,3.482571257797728581e+00,1.793348689659780781e+00
2.136199999999999832e+01,2.259199999999999875e+00,2.746900177001953125e+01,4.155987739562988281e+00,nan,nan,5.679302964043813517e+00,3.574127389637480778e+00,2.105183084591573994e+00
2.196900000000000119e+01,2.510299999999999976e+00,2.745181274414062500e+01,4.140489578247070312e+00,nan,nan,5.574671897721486857e+00,3.551604582516203923e+00,2.023122628315634053e+00
2.560999999999999943e+01,2.993000000000000327e+00,2.710309028625488281e+01,3.925019025802612305e+00,nan,nan,5.335571441483693889e+00,3.466309084145079655e+00,1.869268377407736104e+00
2.803800000000000026e+01,3.765400000000000080e+00,2.715808296203613281e+01,3.954876661300659180e+00,nan,nan,5.258098635506826213e+00,3.461579217163573308e+00,1.796513159855551045e+00
2.785599999999999810e+01,3.552999999999999936e+00,2.717377281188964844e+01,3.970354080200195312e+00,nan,nan,5.268615636658864787e+00,3.460562779156218571e+00,1.808025498970693867e+00
2.682400000000000162e+01,3.495000000000000107e+00,2.709436416625976562e+01,3.933366537094116211e+00,nan,nan,5.269505176377492717e+00,3.459701909271727605e+00,1.809786518200582783e+00
1.772100000000000009e+01,2.375100000000000655e+00,2.735838699340820312e+01,4.078600883483886719e+00,nan,nan,5.792157206368642619e+00,3.747546030727873845e+00,2.044912059887594502e+00
2.178699999999999903e+01,2.220600000000000129e+00,2.742710494995117188e+01,4.123956203460693359e+00,nan,nan,5.664703163933950236e+00,3.557147456852446599e+00,2.107657392605490010e+00
3.507699999999999818e+01,5.368100000000000094e+00,2.746420288085937500e+01,4.150609970092773438e+00,nan,nan,5.558424744439321330e+00,3.638493849483977360e+00,1.919953425511068623e+00
3.216400000000000148e+01,4.962600000000000122e+00,2.746102714538574219e+01,4.154047489166259766e+00,nan,nan,5.373847637009816935e+00,3.526714159695159001e+00,1.847141523941702168e+00
2.676300000000000168e+01,3.746100000000000207e+00,2.746434020996093750e+01,4.154256343841552734e+00,nan,nan,5.263271245789724162e+00,3.459076775757323308e+00,1.804196794613546651e+00
2.433599999999999852e+01,3.359900000000000109e+00,2.746920776367187500e+01,4.153911590576171875e+00,nan,nan,5.332987103295522502e+00,3.488187207428465886e+00,1.844802101238912861e+00
2.476000000000000156e+01,3.456399999999999917e+00,2.746970748901367188e+01,4.153837680816650391e+00,nan,nan,5.312615427804189494e+00,3.480454279629241032e+00,1.832163055523580830e+00
2.609600000000000009e+01,3.668800000000000061e+00,2.746648788452148438e+01,4.151235580444335938e+00,nan,nan,5.273361120057302287e+00,3.463420523849974675e+00,1.809941788300222676e+00
3.386400000000000432e+01,3.533700000000000063e+00,2.746765327453613281e+01,4.155267715454101562e+00,nan,nan,5.409765753579335978e+00,3.585454417912016911e+00,1.824305852039999287e+00
3.440999999999999659e+01,4.730900000000000105e+00,2.746898841857910156e+01,4.155978679656982422e+00,nan,nan,5.427224669289785197e+00,3.608044220654021306e+00,1.819184740170187276e+00
2.239400000000000190e+01,2.935099999999999820e+00,2.746850585937500000e+01,4.155445098876953125e+00,nan,nan,5.458875212502675822e+00,3.538180484024535222e+00,1.920702715500540059e+00
1.535400000000000098e+01,1.737899999999999778e+00,2.746827316284179688e+01,4.155198097229003906e+00,nan,nan,6.216928753686147502e+00,3.915253593174468083e+00,2.301728804691976826e+00
2.281800000000000139e+01,3.224699999999999900e+00,2.733957862854003906e+01,4.094630718231201172e+00,nan,nan,5.379753265214162639e+00,3.522020889965544743e+00,1.857861955746359151e+00
2.991900000000000048e+01,4.479800000000000004e+00,2.735104560852050781e+01,4.111654758453369141e+00,nan,nan,5.281571063828664592e+00,3.478801383224974675e+00,1.802813788040823262e+00
2.912999999999999901e+01,4.383300000000000196e+00,2.729988670349121094e+01,4.099770069122314453e+00,nan,nan,5.266861948800283244e+00,3.468849791733275456e+00,1.798047323807424824e+00
2.651999999999999957e+01,3.784699999999999953e+00,2.717751693725585938e+01,4.067857742309570312e+00,nan,nan,5.258623037171560100e+00,3.460216297356139226e+00,1.798410316094106953e+00
2.573099999999999810e+01,3.746100000000000207e+00,2.746895217895507812e+01,4.155924797058105469e+00,nan,nan,5.272304448914724162e+00,3.467314376083861394e+00,1.804994423969930928e+00
2.536699999999999733e+01,3.070199999999999818e+00,2.746898460388183594e+01,4.155979156494140625e+00,nan,nan,5.365141067338186076e+00,3.471671833244811101e+00,1.893473644837087910e+00
3.113300000000000267e+01,3.610899999999999999e+00,2.746898269653320312e+01,4.155966758728027344e+00,nan,nan,5.315970096421438029e+00,3.499732329098235173e+00,1.816239972695059102e+00
3.034400000000000119e+01,3.977799999999999780e+00,2.746902847290039062e+01,4.154884815216064453e+00,nan,nan,5.277171644997793010e+00,3.483809723106871648e+00,1.793366928681082051e+00
2.621699999999999875e+01,3.417800000000000171e+00,2.715121269226074219e+01,3.899037599563598633e+00,nan,nan,5.277701053452688029e+00,3.461756898609648747e+00,1.815948029144949238e+00
2.421400000000000219e+01,2.973700000000000010e+00,2.711303901672363281e+01,3.894279956817626953e+00,nan,nan,5.353570971322255900e+00,3.485284222809325261e+00,1.868387182339376729e+00
2.494300000000000139e+01,3.301899999999999835e+00,2.684929847717285156e+01,3.749225854873657227e+00,nan,nan,5.283461365533071330e+00,3.471146120277892155e+00,1.812339742764181416e+00
2.651999999999999957e+01,3.591600000000000126e+00,2.652178955078125000e+01,3.567209720611572266e+00,nan,nan,5.255592379403310588e+00,3.460318459717284245e+00,1.795285840614980977e+00
2.785599999999999810e+01,3.379199999999999982e+00,2.746478652954101562e+01,4.148898601531982422e+00,nan,nan,5.301285538506704142e+00,3.458540631977568669e+00,1.842746158226675313e+00
2.985800000000000054e+01,3.823300000000000143e+00,2.746899032592773438e+01,4.155969619750976562e+00,nan,nan,5.275627407860952189e+00,3.475684537140379948e+00,1.799946148976034443e+00
2.524599999999999866e+01,3.726799999999999891e+00,2.746897888183593750e+01,4.155948638916015625e+00,nan,nan,5.279651675057607463e+00,3.473292543140898747e+00,1.806363423451132100e+00
2.342500000000000071e+01,3.166799999999999837e+00,2.746441841125488281e+01,4.152934074401855469e+00,nan,nan,5.384408268761831096e+00,3.508759035316954655e+00,1.875685473068899434e+00
2.506400000000000006e+01,3.610899999999999999e+00,2.748142814636230469e+01,4.153269290924072266e+00,nan,nan,5.291204008889394572e+00,3.475802971569548649e+00,1.815401752575582783e+00
2.749099999999999966e+01,3.977799999999999780e+00,2.720713996887207031e+01,3.958302974700927734e+00,nan,nan,5.251357111764150432e+00,3.458713723865996403e+00,1.792653580292410176e+00
2.712699999999999889e+01,3.977799999999999780e+00,2.692891502380371094e+01,3.818686962127685547e+00,nan,nan,5.254564795327382853e+00,3.459151281563292546e+00,1.795432944878286641e+00
2.621699999999999875e+01,3.668800000000000061e+00,2.687818527221679688e+01,3.808406352996826172e+00,nan,nan,5.254798445534902385e+00,3.460375143734465642e+00,1.794424732311910908e+00
2.998000000000000043e+01,4.615000000000000213e+00,2.746869087219238281e+01,4.155697345733642578e+00,nan,nan,5.286311898064809611e+00,3.477550400940428776e+00,1.808767219170278828e+00
2.730900000000000105e+01,3.707500000000000018e+00,2.746897506713867188e+01,4.155977249145507812e+00,nan,nan,5.265877399277883342e+00,3.457984282223235173e+00,1.807897170170492451e+00
2.603500000000000014e+01,3.012300000000000200e+00,2.746909523010253906e+01,4.156021595001220703e+00,nan,nan,5.369372520280080607e+00,3.464449121204863591e+00,1.904928227051443379e+00
2.536699999999999733e+01,3.012300000000000200e+00,2.746495246887207031e+01,4.149394989013671875e+00,nan,nan,5.375541720223623088e+00,3.471636487690459294e+00,1.903914948090261738e+00
2.560999999999999943e+01,3.205400000000000027e+00,2.684501266479492188e+01,3.699809074401855469e+00,nan,nan,5.282368693185048869e+00,3.464582576004515690e+00,1.817798574551290791e+00
2.627800000000000225e+01,3.475699999999999790e+00,2.692578125000000000e+01,3.764702558517456055e+00,nan,nan,5.264414820504384807e+00,3.460997177807341618e+00,1.803417583092397969e+00
2.627800000000000225e+01,3.340599999999999792e+00,2.668640327453613281e+01,3.633190393447875977e+00,nan,nan,5.265007290673452189e+00,3.460860683170805974e+00,1.804139991387075703e+00
2.670199999999999818e+01,3.359900000000000109e+00,2.627092361450195312e+01,3.402346134185791016e+00,nan,nan,5.258127603364187053e+00,3.461349679676543278e+00,1.796785970314688008e+00
2.014799999999999969e+01,2.722700000000000120e+00,2.663787841796875000e+01,3.606218814849853516e+00,nan,nan,5.454158577752309611e+00,3.590932919231902165e+00,1.863623459919637959e+00
2.281800000000000139e+01,2.993000000000000327e+00,2.707958793640136719e+01,3.870903968811035156e+00,nan,nan,5.377716812920766642e+00,3.515753223148833317e+00,1.862158377751058858e+00
3.252799999999999869e+01,4.479800000000000004e+00,2.685536193847656250e+01,3.734653472900390625e+00,nan,nan,5.404037031960683635e+00,3.559858752933989567e+00,1.844721992596334736e+00
3.095100000000000051e+01,4.479800000000000004e+00,2.658162117004394531e+01,3.593448400497436523e+00,nan,nan,5.384534392190175822e+00,3.520016624180327458e+00,1.865091045483297627e+00
2.670199999999999818e+01,3.746100000000000207e+00,2.612208175659179688e+01,3.353073835372924805e+00,nan,nan,5.273666653466420939e+00,3.462709738461028142e+00,1.811049659832662861e+00
2.469999999999999929e+01,3.398499999999999854e+00,2.595190238952636719e+01,3.259770631790161133e+00,nan,nan,5.265795740914541057e+00,3.466536118237029118e+00,1.799264450653738301e+00
2.488199999999999790e+01,3.417800000000000171e+00,2.592143440246582031e+01,3.240344762802124023e+00,nan,nan,5.265042815041738322e+00,3.464924468246947331e+00,1.800125558956808369e+00
2.585300000000000153e+01,3.552999999999999936e+00,2.599443244934082031e+01,3.277355194091796875e+00,nan,nan,5.265700373482900432e+00,3.461647047249327702e+00,1.804092367275900166e+00
2.700600000000000023e+01,1.853699999999999903e+00,2.746905899047851562e+01,4.155290126800537109e+00,nan,nan,5.712629351449209025e+00,3.458672060219298405e+00,2.253956158741659443e+00
3.313499999999999801e+01,4.209500000000000242e+00,2.746899604797363281e+01,4.155976295471191406e+00,nan,nan,5.348479661774831584e+00,3.557955636230956120e+00,1.790527005776113789e+00
2.318300000000000338e+01,3.379199999999999982e+00,2.746897506713867188e+01,4.155912399291992188e+00,nan,nan,5.358259234261709025e+00,3.515164686886321110e+00,1.843099613770193379e+00
1.954100000000000037e+01,2.317200000000000149e+00,2.746861457824707031e+01,4.155541896820068359e+00,nan,nan,5.739857468438344767e+00,3.653759552685271306e+00,2.086112459286398213e+00
2.433599999999999852e+01,3.591600000000000126e+00,2.736383438110351562e+01,4.110249996185302734e+00,nan,nan,5.301545772385793498e+00,3.486812903133879704e+00,1.814769585713094990e+00
2.900900000000000034e+01,4.441200000000000259e+00,2.743452453613281250e+01,4.147216796875000000e+00,nan,nan,5.263444695306020549e+00,3.465694858280669255e+00,1.797758956536001484e+00
2.846199999999999974e+01,4.190199999999999925e+00,2.743535804748535156e+01,4.151070117950439453e+00,nan,nan,5.251352343392568400e+00,3.461205555645476384e+00,1.790150900467581074e+00
2.560999999999999943e+01,3.456399999999999917e+00,2.733964157104492188e+01,4.058024883270263672e+00,nan,nan,5.291190776658254435e+00,3.467515064922820134e+00,1.823693473919576924e+00
2.554899999999999949e+01,3.803999999999999826e+00,2.697854232788085938e+01,3.858867168426513672e+00,nan,nan,5.258420977425771525e+00,3.465388371197234196e+00,1.793036301716512959e+00
2.639900000000000091e+01,3.514400000000000190e+00,2.696651458740234375e+01,3.843256473541259766e+00,nan,nan,5.262375626397329142e+00,3.459967567173491521e+00,1.802404304131216328e+00
2.585300000000000153e+01,3.437100000000000044e+00,2.706042098999023438e+01,3.890528678894042969e+00,nan,nan,5.273896131348806193e+00,3.463289393631468815e+00,1.810611386879629414e+00
2.609600000000000009e+01,3.456399999999999917e+00,2.706739044189453125e+01,3.890314579010009766e+00,nan,nan,5.270919594598012736e+00,3.461680127827178044e+00,1.809240241631216328e+00
2.658099999999999952e+01,3.572299999999999809e+00,2.729969596862792969e+01,4.031326293945312500e+00,nan,nan,5.269375953507619670e+00,3.459903432575713200e+00,1.809466918095297139e+00
2.482099999999999795e+01,3.475699999999999790e+00,2.746898460388183594e+01,4.155972003936767578e+00,nan,nan,5.310482177567678264e+00,3.479742778984557194e+00,1.830743988140768330e+00
2.961499999999999844e+01,3.939200000000000035e+00,2.746896171569824219e+01,4.155975818634033203e+00,nan,nan,5.266664419007497600e+00,3.472259415833006901e+00,1.794408698662466328e+00
3.125400000000000134e+01,4.035700000000000287e+00,2.746897125244140625e+01,4.155757904052734375e+00,nan,nan,5.294213447404104045e+00,3.502573742119322819e+00,1.791643579586691182e+00
2.700600000000000023e+01,3.688099999999999934e+00,2.689380836486816406e+01,3.727987051010131836e+00,nan,nan,5.257825050187307170e+00,3.460000409332762761e+00,1.797844369991964619e+00
2.512500000000000000e+01,3.147499999999999964e+00,2.686863517761230469e+01,3.732392787933349609e+00,nan,nan,5.295235309434133342e+00,3.469303800312529606e+00,1.825967033489889424e+00
2.482099999999999795e+01,3.070199999999999818e+00,2.654663658142089844e+01,3.555667877197265625e+00,nan,nan,5.286153468918996623e+00,3.469614996162901921e+00,1.816570957287496846e+00
2.670199999999999818e+01,3.340599999999999792e+00,2.633688354492187500e+01,3.445009946823120117e+00,nan,nan,5.257465276551442912e+00,3.460832311359892888e+00,1.796632369145101826e+00
2.682400000000000162e+01,3.726799999999999891e+00,2.639319229125976562e+01,3.475995540618896484e+00,nan,nan,5.261985096764760783e+00,3.460958553997527165e+00,1.801066120251364033e+00
1.838799999999999812e+01,1.448200000000000376e+00,2.736907958984375000e+01,4.067897319793701172e+00,nan,nan,6.099395546746450236e+00,3.709468199459563298e+00,2.390668471440023701e+00
3.137500000000000000e+01,4.441200000000000259e+00,2.745934867858886719e+01,4.145698547363281250e+00,nan,nan,5.303902301621633342e+00,3.505685760227690739e+00,1.798229833229727070e+00
3.192199999999999704e+01,4.923999999999999488e+00,2.746692848205566406e+01,4.155467510223388672e+00,nan,nan,5.361470732522207072e+00,3.519710733143340153e+00,1.841765900238699238e+00
2.809800000000000253e+01,4.170899999999999608e+00,2.742627525329589844e+01,4.138112545013427734e+00,nan,nan,5.249135765862661174e+00,3.459107472149382634e+00,1.790031810387319844e+00
2.524599999999999866e+01,3.591600000000000126e+00,2.746918487548828125e+01,4.155929088592529297e+00,nan,nan,5.290310773682790568e+00,3.472898437229643864e+00,1.817416210755056660e+00
2.482099999999999795e+01,3.437100000000000044e+00,2.746691894531250000e+01,4.151708126068115234e+00,nan,nan,5.313683781457143596e+00,3.479397846905242009e+00,1.834287365063375752e+00
2.573099999999999810e+01,3.475699999999999790e+00,2.746486282348632812e+01,4.149263858795166016e+00,nan,nan,5.296226057839589885e+00,3.466930402962218327e+00,1.829296191319174092e+00
2.615599999999999881e+01,3.475699999999999790e+00,2.746747398376464844e+01,4.152430057525634766e+00,nan,nan,5.292585286927419475e+00,3.462928964344512028e+00,1.829657514675802510e+00
2.961499999999999844e+01,3.823300000000000143e+00,2.746936988830566406e+01,4.156143665313720703e+00,nan,nan,5.272078070473867228e+00,3.472230984417449040e+00,1.799850066288656514e+00
2.524599999999999866e+01,3.417800000000000171e+00,2.744786071777343750e+01,4.143234252929687500e+00,nan,nan,5.309522900414663127e+00,3.473021938053618474e+00,1.836514492615408223e+00
2.336499999999999844e+01,3.186100000000000154e+00,2.739944839477539062e+01,4.119117736816406250e+00,nan,nan,5.375431928467946818e+00,3.508763684479247136e+00,1.866695185288137715e+00
2.524599999999999866e+01,3.379199999999999982e+00,2.696612167358398438e+01,3.892135858535766602e+00,nan,nan,5.283651623559194377e+00,3.468300832954894108e+00,1.815365036114401143e+00
2.639900000000000091e+01,3.707500000000000018e+00,2.678765487670898438e+01,3.793213605880737305e+00,nan,nan,5.253687534165578654e+00,3.459792627541075749e+00,1.793898244484609883e+00
2.724900000000000233e+01,3.765400000000000080e+00,2.662202835083007812e+01,3.711050271987915039e+00,nan,nan,5.254732284379201701e+00,3.460681869236479802e+00,1.794066508396810811e+00
2.664199999999999946e+01,3.746100000000000207e+00,2.661355400085449219e+01,3.718182325363159180e+00,nan,nan,5.252950463128286174e+00,3.459437562672148747e+00,1.793521543129629414e+00
2.603500000000000014e+01,3.591600000000000126e+00,2.662152481079101562e+01,3.726488351821899414e+00,nan,nan,5.255381617379384807e+00,3.460495843140135808e+00,1.794888218029684346e+00
2.251500000000000057e+01,3.108900000000000219e+00,2.683442115783691406e+01,3.819339990615844727e+00,nan,nan,5.354587707352834514e+00,3.517341984955321355e+00,1.837395449265188496e+00
2.749099999999999966e+01,3.668800000000000061e+00,2.685935401916503906e+01,3.830241918563842773e+00,nan,nan,5.256118926835256389e+00,3.460494353024016423e+00,1.795619030579275410e+00
2.828000000000000114e+01,3.997100000000000097e+00,2.686752510070800781e+01,3.835667133331298828e+00,nan,nan,5.260849509072500041e+00,3.465433670727263493e+00,1.795452495201772969e+00
2.682400000000000162e+01,3.688099999999999934e+00,2.681372261047363281e+01,3.808647394180297852e+00,nan,nan,5.253858837914663127e+00,3.459305478779326481e+00,1.794554014786428731e+00
2.560999999999999943e+01,3.591600000000000126e+00,2.677981758117675781e+01,3.790199995040893555e+00,nan,nan,5.260402235818105510e+00,3.463612748829375310e+00,1.796795924290365498e+00
2.554899999999999949e+01,3.572299999999999809e+00,2.671986389160156250e+01,3.756297349929809570e+00,nan,nan,5.260163101983266642e+00,3.463669254032622380e+00,1.796500821694082539e+00
2.579199999999999804e+01,3.552999999999999936e+00,2.670833969116210938e+01,3.749119520187377930e+00,nan,nan,5.259031925034719279e+00,3.462027920929442448e+00,1.797009010895437520e+00
2.603500000000000014e+01,3.572299999999999809e+00,2.687618255615234375e+01,3.848041057586669922e+00,nan,nan,5.260820183587270549e+00,3.461459292618285222e+00,1.799361785038656514e+00
3.204299999999999926e+01,5.194300000000000139e+00,2.746898269653320312e+01,4.155975341796875000e+00,nan,nan,5.407704744172292521e+00,3.523099495617400212e+00,1.884610255345052998e+00
2.476000000000000156e+01,2.741999999999999993e+00,2.746896171569824219e+01,4.155913352966308594e+00,nan,nan,5.446070465874868205e+00,3.480786039082060856e+00,1.965288360699362080e+00
2.287900000000000134e+01,2.259199999999999875e+00,2.744113731384277344e+01,4.126285076141357422e+00,nan,nan,5.618876490426259807e+00,3.522862388340483708e+00,2.096155603512472432e+00
2.403199999999999648e+01,2.799900000000000055e+00,2.616327095031738281e+01,3.326750993728637695e+00,nan,nan,5.304174098801809123e+00,3.477182521072875065e+00,1.827109475716299336e+00
2.573099999999999810e+01,3.301899999999999835e+00,2.645092201232910156e+01,3.496427536010742188e+00,nan,nan,5.268374237847524455e+00,3.463636054245482487e+00,1.804757912739462178e+00
2.633800000000000097e+01,3.475699999999999790e+00,2.637939453125000000e+01,3.467261791229248047e+00,nan,nan,5.263524327111440471e+00,3.462273730484496159e+00,1.801293035134023945e+00
2.682400000000000162e+01,3.398499999999999854e+00,2.604207229614257812e+01,3.291696071624755859e+00,nan,nan,5.268523964715200236e+00,3.465254320351134343e+00,1.803356607540792744e+00
2.651999999999999957e+01,3.533700000000000063e+00,2.598689842224121094e+01,3.262397527694702148e+00,nan,nan,5.273096594643789103e+00,3.464437140671263737e+00,1.808792670353597920e+00
2.870499999999999829e+01,4.151600000000000179e+00,2.716166877746582031e+01,3.924819707870483398e+00,nan,nan,5.266901526284414103e+00,3.466511322704802556e+00,1.800473590477651875e+00
2.591400000000000148e+01,3.205400000000000027e+00,2.702242469787597656e+01,3.828000307083129883e+00,nan,nan,5.294964942765432170e+00,3.463538004604826970e+00,1.831443508251852315e+00
2.500300000000000011e+01,3.301899999999999835e+00,2.688533592224121094e+01,3.728805541992187500e+00,nan,nan,5.286243948769765666e+00,3.471220566479216618e+00,1.815085311516470234e+00
2.554899999999999949e+01,3.224699999999999900e+00,2.670398902893066406e+01,3.612710952758789062e+00,nan,nan,5.278534803223806193e+00,3.465000821796904606e+00,1.813561339958853047e+00
2.633800000000000097e+01,3.263300000000000090e+00,2.673566627502441406e+01,3.632946968078613281e+00,nan,nan,5.273486647439199260e+00,3.461242510525237126e+00,1.812234838589376729e+00
2.633800000000000097e+01,3.514400000000000190e+00,2.669209480285644531e+01,3.608339548110961914e+00,nan,nan,5.262718472314077189e+00,3.461319340912352605e+00,1.801423926933950703e+00
2.615599999999999881e+01,3.610899999999999999e+00,2.669079399108886719e+01,3.608036041259765625e+00,nan,nan,5.262409839463430217e+00,3.461828185764800114e+00,1.800617893322653096e+00
2.621699999999999875e+01,3.746100000000000207e+00,2.661463546752929688e+01,3.563217401504516602e+00,nan,nan,5.265512261223989299e+00,3.461719109264861149e+00,1.803854723557180684e+00
2.433599999999999852e+01,1.332399999999999807e+00,2.746904563903808594e+01,4.155973434448242188e+00,nan,nan,5.976618799996572307e+00,3.488591207710753483e+00,2.488028843983358662e+00
2.718800000000000239e+01,4.190199999999999925e+00,2.746899223327636719e+01,4.155969142913818359e+00,nan,nan,5.248498949837880900e+00,3.458143367020140690e+00,1.790359755142874043e+00
2.603500000000000014e+01,3.977799999999999780e+00,2.746888351440429688e+01,4.156040191650390625e+00,nan,nan,5.257271919083791545e+00,3.464294268337737126e+00,1.792981584652609151e+00
2.718800000000000239e+01,3.668800000000000061e+00,2.727501106262207031e+01,4.044895172119140625e+00,nan,nan,5.262484345269399455e+00,3.458418084827910466e+00,1.804060299977011006e+00
2.730900000000000105e+01,3.784699999999999953e+00,2.718611145019531250e+01,3.997061014175415039e+00,nan,nan,5.254742536378103068e+00,3.458623303619872136e+00,1.796116490944570820e+00
2.767300000000000182e+01,3.746100000000000207e+00,2.714005088806152344e+01,3.980790853500366211e+00,nan,nan,5.256481561494069865e+00,3.459416462627898259e+00,1.797056933029836934e+00
2.627800000000000225e+01,3.861899999999999888e+00,2.713532066345214844e+01,3.991803407669067383e+00,nan,nan,5.254028353524404338e+00,3.460825278011809392e+00,1.793206592186636250e+00
2.597400000000000020e+01,3.495000000000000107e+00,2.722418785095214844e+01,4.021083354949951172e+00,nan,nan,5.279286656213002971e+00,3.463149739948760075e+00,1.816150565727896016e+00
2.208999999999999986e+01,2.297800000000000065e+00,2.746899032592773438e+01,4.155977725982666016e+00,nan,nan,5.640538010430532267e+00,3.548061503616820378e+00,2.092483242138571065e+00
2.840199999999999747e+01,4.016399999999999970e+00,2.744707298278808594e+01,4.144027709960937500e+00,nan,nan,5.253559980225759318e+00,3.460977508274565739e+00,1.792587717159933369e+00
2.330400000000000205e+01,3.108900000000000219e+00,2.746835327148437500e+01,4.155266284942626953e+00,nan,nan,5.398276839089589885e+00,3.511974586693297429e+00,1.886313160046285908e+00
2.445699999999999719e+01,3.224699999999999900e+00,2.740305137634277344e+01,4.118819713592529297e+00,nan,nan,5.346421513390737346e+00,3.485156490055571599e+00,1.861326356514639180e+00
2.670199999999999818e+01,3.919900000000000162e+00,2.734528350830078125e+01,4.094879150390625000e+00,nan,nan,5.254116568398671916e+00,3.459603502003203435e+00,1.794520993813223164e+00
2.888699999999999690e+01,3.900500000000000078e+00,2.746898460388183594e+01,4.155967235565185547e+00,nan,nan,5.260095033478933146e+00,3.464158310143004460e+00,1.795940359219259541e+00
2.700600000000000023e+01,3.552999999999999936e+00,2.746898078918457031e+01,4.155949592590332031e+00,nan,nan,5.280609402489858439e+00,3.458558632580290837e+00,1.822054584606832783e+00
2.421400000000000219e+01,3.475699999999999790e+00,2.746896553039550781e+01,4.155972957611083984e+00,nan,nan,5.321668062043386271e+00,3.490906550137053532e+00,1.830765982254690449e+00
2.463899999999999935e+01,3.417800000000000171e+00,2.746681785583496094e+01,4.154754638671875000e+00,nan,nan,5.320540222954946330e+00,3.482797934261809392e+00,1.837752659901327412e+00
2.627800000000000225e+01,3.417800000000000171e+00,2.746595001220703125e+01,4.153964519500732422e+00,nan,nan,5.299894246888356975e+00,3.462234212605010075e+00,1.837668259724325459e+00
2.633800000000000097e+01,3.340599999999999792e+00,2.746328926086425781e+01,4.152614593505859375e+00,nan,nan,5.309544358086782267e+00,3.461732758728514714e+00,1.847818155869192402e+00
2.621699999999999875e+01,3.514400000000000190e+00,2.746546936035156250e+01,4.153733730316162109e+00,nan,nan,5.288516197037893107e+00,3.462651743141661687e+00,1.825870593174642842e+00
2.633800000000000097e+01,2.664699999999999847e+00,2.746898460388183594e+01,4.155966758728027344e+00,nan,nan,5.446774635148244670e+00,3.461876823154936833e+00,1.984900911434835713e+00
2.943300000000000338e+01,4.228799999999999670e+00,2.746385383605957031e+01,4.152514457702636719e+00,nan,nan,5.261162075829702189e+00,3.470013453213225407e+00,1.791155536755270283e+00
2.087599999999999767e+01,2.664699999999999847e+00,2.746392440795898438e+01,4.152196884155273438e+00,nan,nan,5.577378067803579142e+00,3.593186272827635808e+00,1.984269340618795674e+00
2.099800000000000111e+01,2.993000000000000327e+00,2.735282897949218750e+01,4.090481281280517578e+00,nan,nan,5.481200132203298381e+00,3.584075702873717351e+00,1.897412617787069600e+00
2.627800000000000225e+01,3.977799999999999780e+00,2.726097106933593750e+01,4.056862354278564453e+00,nan,nan,5.254761609864431193e+00,3.461631073204527898e+00,1.793141742333120625e+00
2.834099999999999753e+01,4.209500000000000242e+00,2.721732330322265625e+01,4.045768260955810547e+00,nan,nan,5.257531318497854045e+00,3.462684525696288151e+00,1.794883926495260518e+00
2.694500000000000028e+01,4.093600000000000350e+00,2.701333236694335938e+01,3.974463939666748047e+00,nan,nan,5.254178914857106975e+00,3.459522201267729802e+00,1.794683178051657002e+00
2.542800000000000082e+01,3.746100000000000207e+00,2.707695388793945312e+01,3.994795083999633789e+00,nan,nan,5.266409191918569377e+00,3.467750682083617253e+00,1.798681696041769307e+00
2.172599999999999909e+01,3.108900000000000219e+00,2.716921234130859375e+01,4.016565322875976562e+00,nan,nan,5.415994558167653850e+00,3.551164759842406315e+00,1.865142365082449238e+00
2.530699999999999861e+01,3.552999999999999936e+00,2.731637001037597656e+01,4.097063064575195312e+00,nan,nan,5.288162741494375041e+00,3.470982505527983708e+00,1.817205865963644307e+00
2.864400000000000190e+01,4.190199999999999925e+00,2.735610008239746094e+01,4.123810768127441406e+00,nan,nan,5.254231247735219767e+00,3.463358594624053044e+00,1.790882785900778096e+00
2.743099999999999739e+01,4.035700000000000287e+00,2.723354721069335938e+01,4.091360569000244141e+00,nan,nan,5.249724063706594279e+00,3.458651138988982243e+00,1.791078467949575703e+00
2.560999999999999943e+01,3.649500000000000188e+00,2.726491737365722656e+01,4.099095821380615234e+00,nan,nan,5.275359663796621135e+00,3.466960324493895573e+00,1.808412273510641377e+00
2.457800000000000296e+01,3.475699999999999790e+00,2.710217857360839844e+01,4.050012111663818359e+00,nan,nan,5.299042973351674846e+00,3.478840960709105534e+00,1.820243139847463887e+00
2.506400000000000006e+01,3.359900000000000109e+00,2.709871101379394531e+01,4.050461769104003906e+00,nan,nan,5.304972443413930705e+00,3.471918298450957341e+00,1.833089132889456074e+00
2.573099999999999810e+01,3.495000000000000107e+00,2.708035278320312500e+01,4.042206287384033203e+00,nan,nan,5.282472524476247600e+00,3.464768423286925358e+00,1.817718942745870869e+00
3.016199999999999903e+01,4.325400000000000134e+00,2.746440124511718750e+01,4.152326107025146484e+00,nan,nan,5.273820671868520549e+00,3.480587197987090153e+00,1.793242712601370137e+00
2.682400000000000162e+01,3.649500000000000188e+00,2.746893692016601562e+01,4.155969142913818359e+00,nan,nan,5.271851215195852092e+00,3.459185315815459294e+00,1.812669773682302754e+00
2.294000000000000128e+01,2.799900000000000055e+00,2.746892166137695312e+01,4.155904769897460938e+00,nan,nan,5.473126325440603068e+00,3.521814657894621892e+00,1.951333423241323750e+00
2.324300000000000210e+01,2.993000000000000327e+00,2.746878623962402344e+01,4.155609607696533203e+00,nan,nan,5.422269377541738322e+00,3.513519300667296452e+00,1.908773203476614277e+00
2.664199999999999946e+01,3.572299999999999809e+00,2.746771240234375000e+01,4.157091617584228516e+00,nan,nan,5.279971632790761760e+00,3.459953798500548405e+00,1.820021410568899434e+00
2.785599999999999810e+01,3.861899999999999888e+00,2.746260833740234375e+01,4.156619548797607422e+00,nan,nan,5.255796584916311076e+00,3.458281769005309148e+00,1.797517736538595479e+00
2.718800000000000239e+01,3.823300000000000143e+00,2.745776367187500000e+01,4.157274246215820312e+00,nan,nan,5.257574591469960978e+00,3.457985057083617253e+00,1.799592156990713399e+00
2.603500000000000014e+01,3.765400000000000080e+00,2.746278381347656250e+01,4.156838893890380859e+00,nan,nan,5.267330798936086467e+00,3.464094711987029118e+00,1.803238232716268818e+00
2.087599999999999767e+01,2.838499999999999801e+00,2.746583557128906250e+01,4.154855251312255859e+00,nan,nan,5.535521421265798381e+00,3.593395723549376530e+00,1.942136188133901875e+00
2.870499999999999829e+01,3.881200000000000205e+00,2.746847343444824219e+01,4.155371665954589844e+00,nan,nan,5.259708914590078166e+00,3.462662471977721257e+00,1.797049661263174336e+00
3.143599999999999994e+01,4.692199999999999704e+00,2.745602035522460938e+01,4.146640300750732422e+00,nan,nan,5.323687705826955607e+00,3.507258190361510319e+00,1.816449006184286397e+00
2.846199999999999974e+01,4.074300000000000033e+00,2.698785591125488281e+01,3.923995971679687500e+00,nan,nan,5.259948882889943889e+00,3.465822948662291569e+00,1.794154008015341084e+00
2.542800000000000082e+01,3.591600000000000126e+00,2.664656448364257812e+01,3.755480527877807617e+00,nan,nan,5.259324822259145549e+00,3.464039518085967106e+00,1.795290787800497334e+00
2.469999999999999929e+01,3.282599999999999962e+00,2.647604560852050781e+01,3.650907278060913086e+00,nan,nan,5.274759564233022502e+00,3.469328357426177067e+00,1.805459101780599873e+00
2.567099999999999937e+01,3.379199999999999982e+00,2.644495201110839844e+01,3.638453960418701172e+00,nan,nan,5.260671171975332072e+00,3.461337162701140446e+00,1.799338420017904561e+00
2.670199999999999818e+01,3.610899999999999999e+00,2.652662849426269531e+01,3.663879394531250000e+00,nan,nan,5.254017743897634318e+00,3.459656490532408757e+00,1.794366200550741475e+00
2.773400000000000176e+01,3.089500000000000135e+00,2.746899032592773438e+01,4.155987262725830078e+00,nan,nan,5.347904357743459514e+00,3.458110167233000798e+00,1.889797111138052266e+00
2.755199999999999960e+01,3.997100000000000097e+00,2.746724510192871094e+01,4.154402732849121094e+00,nan,nan,5.251111421418386271e+00,3.458276404587279362e+00,1.792841156109518330e+00
2.336499999999999844e+01,3.012300000000000200e+00,2.746130943298339844e+01,4.149466514587402344e+00,nan,nan,5.414367232155996135e+00,3.510297013966094060e+00,1.904121001347250264e+00
2.378900000000000148e+01,3.243999999999999773e+00,2.706314468383789062e+01,3.962123155593872070e+00,nan,nan,5.331914815736013225e+00,3.492698981014739079e+00,1.839391072376913350e+00
2.591400000000000148e+01,3.765400000000000080e+00,2.705414581298828125e+01,3.976268768310546875e+00,nan,nan,5.261099252534108928e+00,3.463425828663359685e+00,1.797691186054891865e+00
2.712699999999999889e+01,3.977799999999999780e+00,2.712922096252441406e+01,4.018712520599365234e+00,nan,nan,5.252036366296010783e+00,3.459089292732726140e+00,1.792959709747976582e+00
2.658099999999999952e+01,3.842600000000000016e+00,2.691147041320800781e+01,3.946622610092163086e+00,nan,nan,5.254842195344167521e+00,3.460220231262694401e+00,1.794633288963980000e+00
2.518499999999999872e+01,3.688099999999999934e+00,2.686510276794433594e+01,3.927738189697265625e+00,nan,nan,5.267810377907949260e+00,3.468832387177001042e+00,1.799003561123556416e+00
2.348600000000000065e+01,3.688099999999999934e+00,2.746419525146484375e+01,4.151890754699707031e+00,nan,nan,5.316707644295888713e+00,3.507270170895110173e+00,1.809449275120443623e+00
2.670199999999999818e+01,3.552999999999999936e+00,2.746844863891601562e+01,4.155759811401367188e+00,nan,nan,5.281781110596853068e+00,3.459729685036192937e+00,1.822055419071859639e+00
2.858399999999999963e+01,4.170899999999999608e+00,2.746132278442382812e+01,4.145853042602539062e+00,nan,nan,5.253161821198659709e+00,3.461826457230101628e+00,1.791342695339865010e+00
2.773400000000000176e+01,4.016399999999999970e+00,2.719249916076660156e+01,3.956849575042724609e+00,nan,nan,5.253774199319082072e+00,3.459446622578154606e+00,1.794348974808401387e+00
2.609600000000000009e+01,3.533700000000000063e+00,2.724897766113281250e+01,3.993702650070190430e+00,nan,nan,5.272878799271779826e+00,3.462470545021544499e+00,1.810409327133840840e+00
2.524599999999999866e+01,3.282599999999999962e+00,2.735539627075195312e+01,4.047033309936523438e+00,nan,nan,5.313752922845083049e+00,3.471749080864440007e+00,1.842010279282278340e+00
2.573099999999999810e+01,3.437100000000000044e+00,2.733841705322265625e+01,4.028640747070312500e+00,nan,nan,5.287600669694143107e+00,3.465921296326170964e+00,1.821681638344473164e+00
2.651999999999999957e+01,3.649500000000000188e+00,2.737054634094238281e+01,4.049122810363769531e+00,nan,nan,5.264815006089406779e+00,3.460096492020140690e+00,1.804715235813802998e+00
2.324300000000000210e+01,3.243999999999999773e+00,2.746874046325683594e+01,4.156230926513671875e+00,nan,nan,5.376707110238271525e+00,3.513572468010436101e+00,1.863140423878378193e+00
2.937300000000000111e+01,4.016399999999999970e+00,2.746883201599121094e+01,4.155820846557617188e+00,nan,nan,5.261279973817067912e+00,3.469197525230895085e+00,1.792085667236990254e+00
3.034400000000000119e+01,4.383300000000000196e+00,2.746897315979003906e+01,4.156091213226318359e+00,nan,nan,5.278365645241933635e+00,3.483649028984557194e+00,1.794720430954641621e+00
2.700600000000000023e+01,3.881200000000000205e+00,2.745461845397949219e+01,4.146767139434814453e+00,nan,nan,5.254844221902089885e+00,3.458515598026763005e+00,1.796331604107565205e+00
2.506400000000000006e+01,3.552999999999999936e+00,2.732012176513671875e+01,4.067009925842285156e+00,nan,nan,5.288713249993520549e+00,3.474130763260375065e+00,1.814601739033407490e+00
2.482099999999999795e+01,3.301899999999999835e+00,2.718848800659179688e+01,3.988585710525512695e+00,nan,nan,5.309995922875600627e+00,3.476089312283049626e+00,1.833957691773123067e+00
2.560999999999999943e+01,3.398499999999999854e+00,2.713897514343261719e+01,3.966952085494995117e+00,nan,nan,5.287068400216298869e+00,3.466038359848509831e+00,1.821049292668051045e+00
2.639900000000000091e+01,3.533700000000000063e+00,2.718058586120605469e+01,3.993340253829956055e+00,nan,nan,5.271441373658376506e+00,3.460555865017424626e+00,1.810885270222372334e+00
2.785599999999999810e+01,3.939200000000000035e+00,2.746894073486328125e+01,4.155922889709472656e+00,nan,nan,5.252712282967763713e+00,3.458357168880950017e+00,1.794359047993368428e+00
2.882699999999999818e+01,3.765400000000000080e+00,2.746899986267089844e+01,4.156010150909423828e+00,nan,nan,5.267234716248708537e+00,3.463639630524169011e+00,1.803598363980001729e+00
2.603500000000000014e+01,3.340599999999999792e+00,2.746894073486328125e+01,4.155930519104003906e+00,nan,nan,5.312923345399099162e+00,3.464302255360137028e+00,1.848629255875295918e+00
2.524599999999999866e+01,3.147499999999999964e+00,2.745443153381347656e+01,4.141878128051757812e+00,nan,nan,5.351169142556386760e+00,3.473140253273497624e+00,1.878080685719198506e+00
2.761300000000000310e+01,3.784699999999999953e+00,2.743337059020996094e+01,4.127978801727294922e+00,nan,nan,5.260152373147207072e+00,3.458077563492308659e+00,1.802077909096426289e+00
2.233300000000000196e+01,2.626100000000000101e+00,2.668423652648925781e+01,3.662496089935302734e+00,nan,nan,5.408542785477834514e+00,3.519345773903380437e+00,1.889503498657888692e+00
2.694500000000000028e+01,3.166799999999999837e+00,2.671814918518066406e+01,3.691262245178222656e+00,nan,nan,5.280034694504934123e+00,3.460531665531645817e+00,1.819454391583151143e+00
2.870499999999999829e+01,3.861899999999999888e+00,2.685035133361816406e+01,3.771167039871215820e+00,nan,nan,5.266033563447194865e+00,3.470670594421874089e+00,1.795403023346609395e+00
2.773400000000000176e+01,3.726799999999999891e+00,2.687632751464843750e+01,3.788527011871337891e+00,nan,nan,5.257068071198659709e+00,3.462229623047362370e+00,1.794845541104025166e+00
2.694500000000000028e+01,3.630199999999999871e+00,2.690218162536621094e+01,3.799222469329833984e+00,nan,nan,5.257033977341848185e+00,3.459913744179259343e+00,1.797117789372152608e+00
8.617599999999999483e+00,8.109999999999999432e-01,2.746898078918457031e+01,4.155945777893066406e+00,nan,nan,7.335008416009145549e+00,4.565409137455473498e+00,2.769629676922506611e+00
3.082900000000000063e+01,3.900500000000000078e+00,2.746898460388183594e+01,4.155967235565185547e+00,nan,nan,5.289014968705373576e+00,3.493077172485838933e+00,1.795940716847128193e+00
3.823300000000000409e+01,6.121199999999999974e+00,2.746897697448730469e+01,4.155943393707275391e+00,nan,nan,5.947281632256704142e+00,3.818986727444182439e+00,2.128303368672079365e+00
2.961499999999999844e+01,4.576399999999999579e+00,2.746678161621093750e+01,4.154381752014160156e+00,nan,nan,5.278293165993886760e+00,3.472280158249388737e+00,1.806022604092306416e+00
2.482099999999999795e+01,3.379199999999999982e+00,2.746779060363769531e+01,4.147366523742675781e+00,nan,nan,5.321525130105214885e+00,3.479663683620940251e+00,1.841864128693289082e+00
2.409300000000000352e+01,3.456399999999999917e+00,2.737258720397949219e+01,4.080201625823974609e+00,nan,nan,5.317519221139150432e+00,3.491610659805785222e+00,1.825958152397817891e+00
2.506400000000000006e+01,3.610899999999999999e+00,2.724332427978515625e+01,4.004567623138427734e+00,nan,nan,5.279578242135244182e+00,3.473262204376708073e+00,1.806342323406881611e+00
2.579199999999999804e+01,3.533700000000000063e+00,2.723806381225585938e+01,4.005590915679931641e+00,nan,nan,5.277037057709890178e+00,3.464989794937621159e+00,1.812060912235922139e+00
3.192199999999999704e+01,4.074300000000000033e+00,2.746895790100097656e+01,4.155984878540039062e+00,nan,nan,5.310553464722829631e+00,3.519698454586516423e+00,1.790857930763906758e+00
2.773400000000000176e+01,4.054999999999999716e+00,2.746883010864257812e+01,4.155907154083251953e+00,nan,nan,5.249231490922170451e+00,3.458111001698027653e+00,1.791124482735342305e+00
2.057300000000000040e+01,2.529599999999999849e+00,2.746805000305175781e+01,4.155575275421142578e+00,nan,nan,5.627720627618032267e+00,3.606059624401579899e+00,2.021672447308248799e+00
2.111899999999999977e+01,2.761299999999999866e+00,2.736332321166992188e+01,4.130041599273681641e+00,nan,nan,5.533996376824575236e+00,3.579696013180266423e+00,1.954387088402456563e+00
2.646000000000000085e+01,3.668800000000000061e+00,2.729165458679199219e+01,4.114214897155761719e+00,nan,nan,5.268547448945241740e+00,3.460612727848540349e+00,1.807937284096426289e+00
2.846199999999999974e+01,4.190199999999999925e+00,2.731702041625976562e+01,4.122997283935546875e+00,nan,nan,5.253071579766469767e+00,3.462356938568602605e+00,1.790724177941030781e+00
2.779500000000000171e+01,4.113000000000000433e+00,2.722202873229980469e+01,4.105511188507080078e+00,nan,nan,5.249944958520131877e+00,3.459525956360350651e+00,1.790426214321798604e+00
2.591400000000000148e+01,3.784699999999999953e+00,2.727440834045410156e+01,4.122953891754150391e+00,nan,nan,5.264248523545461467e+00,3.464076711384306950e+00,1.800176103695577901e+00
3.277100000000000080e+01,5.097699999999999676e+00,2.730385971069335938e+01,4.121186733245849609e+00,nan,nan,5.425173792672353557e+00,3.551438464371214909e+00,1.873842080219930928e+00
2.500300000000000011e+01,3.610899999999999999e+00,2.746456909179687500e+01,4.158653736114501953e+00,nan,nan,5.292835388016897014e+00,3.476629091946135564e+00,1.816208143814749043e+00
2.196900000000000119e+01,2.915799999999999947e+00,2.747717094421386719e+01,4.142640590667724609e+00,nan,nan,5.473816308808522990e+00,3.552163256851683659e+00,1.921644051655477803e+00
2.366800000000000281e+01,3.186100000000000154e+00,2.747415733337402344e+01,4.118093013763427734e+00,nan,nan,5.368503603768544963e+00,3.502630306927214665e+00,1.865866084679312031e+00
2.585300000000000153e+01,3.533700000000000063e+00,2.745149803161621094e+01,4.096490383148193359e+00,nan,nan,5.283196363282399943e+00,3.465416802612792058e+00,1.817776163204855244e+00
2.688500000000000156e+01,3.649500000000000188e+00,2.745817565917968750e+01,4.107391357421875000e+00,nan,nan,5.266687307191091350e+00,3.458382202831755681e+00,1.808302243336386006e+00
2.664199999999999946e+01,3.668800000000000061e+00,2.746691513061523438e+01,4.116434097290039062e+00,nan,nan,5.266830119919973185e+00,3.459445549694548649e+00,1.807382245644277852e+00
2.646000000000000085e+01,3.514400000000000190e+00,2.747476768493652344e+01,4.120624542236328125e+00,nan,nan,5.282494101357656291e+00,3.460555626598845524e+00,1.821934540852255147e+00
1.705300000000000082e+01,2.954400000000000137e+00,2.746898460388183594e+01,4.155966758728027344e+00,nan,nan,5.712609801125722697e+00,3.796005322186003728e+00,1.916612048729605000e+00
3.210399999999999920e+01,3.649500000000000188e+00,2.746898078918457031e+01,4.155964851379394531e+00,nan,nan,5.337528023553090861e+00,3.524846507755766911e+00,1.812683244332021992e+00
3.968999999999999773e+01,5.387400000000000411e+00,2.747293281555175781e+01,4.157313346862792969e+00,nan,nan,5.846041951012807658e+00,3.923071457592497868e+00,1.922997434719747822e+00
3.161800000000000210e+01,4.499100000000000321e+00,2.743633842468261719e+01,4.116096019744873047e+00,nan,nan,5.317802820038991740e+00,3.512582494465361638e+00,1.805275638683981221e+00
2.397199999999999775e+01,3.475699999999999790e+00,2.732212066650390625e+01,4.021997928619384766e+00,nan,nan,5.313578638863759807e+00,3.493334843365202946e+00,1.820318599327749531e+00
2.184699999999999775e+01,2.915799999999999947e+00,2.714265251159667969e+01,3.896225452423095703e+00,nan,nan,5.425213370156484416e+00,3.546290590015898747e+00,1.879249413593954365e+00
2.427499999999999858e+01,3.263300000000000090e+00,2.654244232177734375e+01,3.517444610595703125e+00,nan,nan,5.280544910264211467e+00,3.476660622803221745e+00,1.803929825409597676e+00
2.646000000000000085e+01,3.649500000000000188e+00,2.679277992248535156e+01,3.673266410827636719e+00,nan,nan,5.257629666161733439e+00,3.460411085335265202e+00,1.797235448940939229e+00
2.603500000000000014e+01,2.143400000000000194e+00,2.746899795532226562e+01,4.155962467193603516e+00,nan,nan,5.609095606637197307e+00,3.464303745476256413e+00,2.144794066532797139e+00
2.925099999999999767e+01,4.151600000000000179e+00,2.746899604797363281e+01,4.155977249145507812e+00,nan,nan,5.258083376717763713e+00,3.467803670612822575e+00,1.790283640011495869e+00
2.488199999999999790e+01,3.823300000000000143e+00,2.746896553039550781e+01,4.155910968780517578e+00,nan,nan,5.278686199021535685e+00,3.478750600067626042e+00,1.799939830883688252e+00
2.312199999999999989e+01,3.359900000000000109e+00,2.745577621459960938e+01,4.146781444549560547e+00,nan,nan,5.361391696763234904e+00,3.516462756840239567e+00,1.844968159779257100e+00
2.542800000000000082e+01,3.726799999999999891e+00,2.745441818237304688e+01,4.153609275817871094e+00,nan,nan,5.276532683205800822e+00,3.470632745472441716e+00,1.805904408081716817e+00
2.718800000000000239e+01,3.939200000000000035e+00,2.744261550903320312e+01,4.124458789825439453e+00,nan,nan,5.251804146599965861e+00,3.458036317078124089e+00,1.793770928963369649e+00
2.670199999999999818e+01,3.881200000000000205e+00,2.734905242919921875e+01,4.059833526611328125e+00,nan,nan,5.253862891030507853e+00,3.459360374657164616e+00,1.794506390675253193e+00
2.530699999999999861e+01,3.688099999999999934e+00,2.738005828857421875e+01,4.083927631378173828e+00,nan,nan,5.276060137582021525e+00,3.471384002415190739e+00,1.804683228119558613e+00
3.695900000000000318e+01,6.603900000000000325e+00,2.746895790100097656e+01,4.155921936035156250e+00,nan,nan,6.053343567681508830e+00,3.738571955410491032e+00,2.314781864269918721e+00
2.512500000000000000e+01,3.379199999999999982e+00,2.746895790100097656e+01,4.155965805053710938e+00,nan,nan,5.318074378800588420e+00,3.475014223305235905e+00,1.843064566239065449e+00
1.832799999999999940e+01,1.834400000000000031e+00,2.746506309509277344e+01,4.151693820953369141e+00,nan,nan,5.978356633019643596e+00,3.718101097790251774e+00,2.260317762478536885e+00
2.166499999999999915e+01,2.336500000000000021e+00,2.666210365295410156e+01,3.677093505859375000e+00,nan,nan,5.491377386880117228e+00,3.538782788959990544e+00,1.953171213253683369e+00
2.621699999999999875e+01,3.186100000000000154e+00,2.638796234130859375e+01,3.550400972366333008e+00,nan,nan,5.272293481660085490e+00,3.462496353832732243e+00,1.809769650086111348e+00
2.809800000000000253e+01,3.707500000000000018e+00,2.675519180297851562e+01,3.747647762298583984e+00,nan,nan,5.262741598916250041e+00,3.466611041275511784e+00,1.796149988754934590e+00
2.718800000000000239e+01,3.552999999999999936e+00,2.684264755249023438e+01,3.800045013427734375e+00,nan,nan,5.261543426346975139e+00,3.461057080475340886e+00,1.800471683129019063e+00
2.639900000000000091e+01,3.495000000000000107e+00,2.674555778503417969e+01,3.759670257568359375e+00,nan,nan,5.263073835206228068e+00,3.461501492706786198e+00,1.801564474686331074e+00
2.136199999999999832e+01,1.255100000000000104e+00,2.746898651123046875e+01,4.155970573425292969e+00,nan,nan,6.100947413277822307e+00,3.574122800079833073e+00,2.526830990894979756e+00
2.785599999999999810e+01,4.151600000000000179e+00,2.746899032592773438e+01,4.155973434448242188e+00,nan,nan,5.248604688477712443e+00,3.458360804764281315e+00,1.790247936829275410e+00
2.597400000000000020e+01,3.707500000000000018e+00,2.746696472167968750e+01,4.154168605804443359e+00,nan,nan,5.272905263734060100e+00,3.464888228622923894e+00,1.808023412808126729e+00
2.421400000000000219e+01,3.495000000000000107e+00,2.734761428833007812e+01,4.085083484649658203e+00,nan,nan,5.311865601372915080e+00,3.488901807514678044e+00,1.823043664082235615e+00
2.603500000000000014e+01,3.919900000000000162e+00,2.718033790588378906e+01,4.029425621032714844e+00,nan,nan,5.256935033631521037e+00,3.462995304314147038e+00,1.793952544316000264e+00
2.700600000000000023e+01,4.016399999999999970e+00,2.732175827026367188e+01,4.101154804229736328e+00,nan,nan,5.250490221810537150e+00,3.458679033962737126e+00,1.791817327126211445e+00
2.658099999999999952e+01,3.842600000000000016e+00,2.723377799987792969e+01,4.079674243927001953e+00,nan,nan,5.256184968781667521e+00,3.459983004776488347e+00,1.796206434353536885e+00
2.500300000000000011e+01,3.688099999999999934e+00,2.724641227722167969e+01,4.077872276306152344e+00,nan,nan,5.278982910943227580e+00,3.474284483639250798e+00,1.804722745999044697e+00
1.857000000000000028e+01,3.398499999999999854e+00,2.746898460388183594e+01,4.155967235565185547e+00,nan,nan,5.545137557816701701e+00,3.704689575878630681e+00,1.840453703983969014e+00
2.979800000000000182e+01,3.649500000000000188e+00,2.746898460388183594e+01,4.155967712402343750e+00,nan,nan,5.287476453614431193e+00,3.474797083584319157e+00,1.812682231053060811e+00
3.726200000000000045e+01,5.059099999999999930e+00,2.747006416320800781e+01,4.156437397003173828e+00,nan,nan,5.618472847771840861e+00,3.756742669788847966e+00,1.861740668400472920e+00
3.125400000000000134e+01,4.479800000000000004e+00,2.746333694458007812e+01,4.146939754486083984e+00,nan,nan,5.303366098237233928e+00,3.502737356869231267e+00,1.800643404110616963e+00
2.518499999999999872e+01,3.437100000000000044e+00,2.727612113952636719e+01,3.993774175643920898e+00,nan,nan,5.293072256875234416e+00,3.472148491589079899e+00,1.820956428631490986e+00
2.324300000000000210e+01,3.089500000000000135e+00,2.722984123229980469e+01,3.972799777984619141e+00,nan,nan,5.369967374634939006e+00,3.508221520630370183e+00,1.861881037338918965e+00
3.671600000000000108e+01,3.070199999999999818e+00,2.746898651123046875e+01,4.155965328216552734e+00,nan,nan,5.617821488213735392e+00,3.724379970280180974e+00,1.893437643631643574e+00
3.337800000000000011e+01,4.576399999999999579e+00,2.746898651123046875e+01,4.155969619750976562e+00,nan,nan,5.372415218186574748e+00,3.566712214199553532e+00,1.805706818684286397e+00
2.378900000000000148e+01,3.186100000000000154e+00,2.746897315979003906e+01,4.155938625335693359e+00,nan,nan,5.372667465043264201e+00,3.500094963757048649e+00,1.872577031239218037e+00
1.784199999999999875e+01,2.143400000000000194e+00,2.746803665161132812e+01,4.154849529266357422e+00,nan,nan,5.891106400323110392e+00,3.746670915333281560e+00,2.144485433682150166e+00
2.433599999999999852e+01,3.572299999999999809e+00,2.714959526062011719e+01,4.009284019470214844e+00,nan,nan,5.293718609643178752e+00,3.483674182144652409e+00,1.810116429909414570e+00
2.943300000000000338e+01,4.460499999999999687e+00,2.729932212829589844e+01,4.094967365264892578e+00,nan,nan,5.275453123879628947e+00,3.472615553585539860e+00,1.802887697800344746e+00
2.888699999999999690e+01,4.209500000000000242e+00,2.722075080871582031e+01,4.084909439086914062e+00,nan,nan,5.259701523614126017e+00,3.467303766457091374e+00,1.792421837433523457e+00
2.615599999999999881e+01,3.746100000000000207e+00,2.714563179016113281e+01,4.065953254699707031e+00,nan,nan,5.262206229996877482e+00,3.461982025352965398e+00,1.800229867085165303e+00
2.536699999999999733e+01,3.475699999999999790e+00,2.734580421447753906e+01,4.089481830596923828e+00,nan,nan,5.295683297944265178e+00,3.470517172066222233e+00,1.825211186989492695e+00
2.488199999999999790e+01,3.282599999999999962e+00,2.746871566772460938e+01,4.155793666839599609e+00,nan,nan,5.335768732857900432e+00,3.478752567020903630e+00,1.857021113022512715e+00
2.779500000000000171e+01,4.074300000000000033e+00,2.746855735778808594e+01,4.155214309692382812e+00,nan,nan,5.249383125138479045e+00,3.458225383011351628e+00,1.791162629707998555e+00
2.803800000000000026e+01,3.939200000000000035e+00,2.744986152648925781e+01,4.136486053466796875e+00,nan,nan,5.254484567475515178e+00,3.459023191181670231e+00,1.795466502293295186e+00
2.718800000000000239e+01,3.707500000000000018e+00,2.739880371093750000e+01,4.099472522735595703e+00,nan,nan,5.263601693940358928e+00,3.458165659157286687e+00,1.805438120945638936e+00
2.651999999999999957e+01,3.572299999999999809e+00,2.740706443786621094e+01,4.103938579559326172e+00,nan,nan,5.276398453545766642e+00,3.460426046101103825e+00,1.815975983723348897e+00
2.651999999999999957e+01,3.572299999999999809e+00,2.737762069702148438e+01,4.078399658203125000e+00,nan,nan,5.274202737641530803e+00,3.460326685158263249e+00,1.813876767739004414e+00
2.676300000000000168e+01,3.591600000000000126e+00,2.733581161499023438e+01,4.048103809356689453e+00,nan,nan,5.269646558594899943e+00,3.459174944607268376e+00,1.810470600708669942e+00
3.131500000000000128e+01,5.503199999999999648e+00,2.746898078918457031e+01,4.155961990356445312e+00,nan,nan,5.453095946145253947e+00,3.503992571083556218e+00,1.949108262642568867e+00
3.113300000000000267e+01,3.823300000000000143e+00,2.746895980834960938e+01,4.155965805053710938e+00,nan,nan,5.299668822121816447e+00,3.499734713284026189e+00,1.799936910256094258e+00
2.597400000000000020e+01,2.606799999999999784e+00,2.746899414062500000e+01,4.155968666076660156e+00,nan,nan,5.465196761918264201e+00,3.464865280834685368e+00,2.000334818943685811e+00
2.397199999999999775e+01,2.336500000000000021e+00,2.742335319519042969e+01,4.106801033020019531e+00,nan,nan,5.560936007332998088e+00,3.495176388470183415e+00,2.065902550800985615e+00
2.469999999999999929e+01,2.471600000000000019e+00,2.711754035949707031e+01,3.874969720840454102e+00,nan,nan,5.444898042512136271e+00,3.477424158302794499e+00,1.967663725002950947e+00
2.548900000000000077e+01,3.243999999999999773e+00,2.703303337097167969e+01,3.822624206542968750e+00,nan,nan,5.292830858063894084e+00,3.466877354828368230e+00,1.825987537487692158e+00
2.651999999999999957e+01,3.572299999999999809e+00,2.672929573059082031e+01,3.632084369659423828e+00,nan,nan,5.258995208573537639e+00,3.460500432697783513e+00,1.798511405571646016e+00
2.724900000000000233e+01,3.514400000000000190e+00,2.654184532165527344e+01,3.519907712936401367e+00,nan,nan,5.261464271378713420e+00,3.462428940979491276e+00,1.799063165768331807e+00
1.565700000000000003e+01,2.297800000000000065e+00,2.731299591064453125e+01,4.019768238067626953e+00,nan,nan,5.932247671914296916e+00,3.881437136379729314e+00,2.051775773152059834e+00
2.482099999999999795e+01,2.529599999999999849e+00,2.745601844787597656e+01,4.139517784118652344e+00,nan,nan,5.497388992142873576e+00,3.479574038235198064e+00,2.017855723484701436e+00
3.446999999999999886e+01,5.194300000000000139e+00,2.745215225219726562e+01,4.137340545654296875e+00,nan,nan,5.500237259698110392e+00,3.611411585060606999e+00,1.888939996346182149e+00
3.058599999999999852e+01,4.615000000000000213e+00,2.734971237182617188e+01,4.063304424285888672e+00,nan,nan,5.310062918496328166e+00,3.490938855854521794e+00,1.819233854397482197e+00
2.567099999999999937e+01,3.726799999999999891e+00,2.680496597290039062e+01,3.745121955871582031e+00,nan,nan,5.262226018738942912e+00,3.464802219120513005e+00,1.797445078476614277e+00
2.378900000000000148e+01,3.301899999999999835e+00,2.647993850708007812e+01,3.569241523742675781e+00,nan,nan,5.290053281617360881e+00,3.484550251213561101e+00,1.805565496071523945e+00
2.451800000000000068e+01,3.398499999999999854e+00,2.641226768493652344e+01,3.527488470077514648e+00,nan,nan,5.274632248711782267e+00,3.473436667171965642e+00,1.801225920304006856e+00
2.560999999999999943e+01,3.572299999999999809e+00,2.641141891479492188e+01,3.526174783706665039e+00,nan,nan,5.264179143738942912e+00,3.464293791500578923e+00,1.799917657955831807e+00
3.289300000000000068e+01,3.688099999999999934e+00,2.741479873657226562e+01,4.106496810913085938e+00,nan,nan,5.359212312531667521e+00,3.551558686939726872e+00,1.807596107109731953e+00
2.894800000000000040e+01,4.074300000000000033e+00,2.746339035034179688e+01,4.148793697357177734e+00,nan,nan,5.256109151673513225e+00,3.464773132053862614e+00,1.791341264828390401e+00
2.324300000000000210e+01,3.282599999999999962e+00,2.746457290649414062e+01,4.150588512420654297e+00,nan,nan,5.369796547723012736e+00,3.513429476467619939e+00,1.856378634556478779e+00
2.372899999999999920e+01,3.108900000000000219e+00,2.740712928771972656e+01,4.106663703918457031e+00,nan,nan,5.378238830399709514e+00,3.500214053837309880e+00,1.878054340466207783e+00
2.700600000000000023e+01,3.572299999999999809e+00,2.723226165771484375e+01,3.987705230712890625e+00,nan,nan,5.266508254838186076e+00,3.458854927269469304e+00,1.807641823872274678e+00
2.894800000000000040e+01,4.035700000000000287e+00,2.706980514526367188e+01,3.876034736633300781e+00,nan,nan,5.266493711304860881e+00,3.470184995380888981e+00,1.796358664616293233e+00
2.821999999999999886e+01,4.093600000000000350e+00,2.684945869445800781e+01,3.748420000076293945e+00,nan,nan,5.270918879342275432e+00,3.465689613071929021e+00,1.805313726051992695e+00
2.700600000000000023e+01,3.765400000000000080e+00,2.674124908447265625e+01,3.694665431976318359e+00,nan,nan,5.255424175095754435e+00,3.460229112354765935e+00,1.795214195831960957e+00
3.362100000000000222e+01,3.803999999999999826e+00,2.745900917053222656e+01,4.142105102539062500e+00,nan,nan,5.377684149575429728e+00,3.576383723465453190e+00,1.801290770157522481e+00
3.082900000000000063e+01,4.228799999999999670e+00,2.746898841857910156e+01,4.155948162078857422e+00,nan,nan,5.283824477029043010e+00,3.493088020531188054e+00,1.790740211590475361e+00
2.136199999999999832e+01,2.683999999999999719e+00,2.746893692016601562e+01,4.155940532684326172e+00,nan,nan,5.554011258912282756e+00,3.574118806568633122e+00,1.979903896435446065e+00
2.227199999999999847e+01,2.896399999999999864e+00,2.741545486450195312e+01,4.117815494537353516e+00,nan,nan,5.461861166787343791e+00,3.540435208527098698e+00,1.921529610737509053e+00
2.712699999999999889e+01,3.610899999999999999e+00,2.720688056945800781e+01,3.986294746398925781e+00,nan,nan,5.264308008980947307e+00,3.458598806110869450e+00,1.805700858219808858e+00
2.967599999999999838e+01,4.132299999999999862e+00,2.713961410522460938e+01,3.950268983840942383e+00,nan,nan,5.275449070763784221e+00,3.478724612442503972e+00,1.796792049988455098e+00
2.870499999999999829e+01,4.113000000000000433e+00,2.709423065185546875e+01,3.934489727020263672e+00,nan,nan,5.263214859795766642e+00,3.466907216755400700e+00,1.796357532128042500e+00
2.718800000000000239e+01,3.707500000000000018e+00,2.706631088256835938e+01,3.920753002166748047e+00,nan,nan,5.256703767609792521e+00,3.458963169304381413e+00,1.797737200840658467e+00
2.063400000000000034e+01,3.726799999999999891e+00,2.746898269653320312e+01,4.155970573425292969e+00,nan,nan,5.409832749200063517e+00,3.603482081142912907e+00,1.806355436428732197e+00
2.785599999999999810e+01,3.108900000000000219e+00,2.746898651123046875e+01,4.155972003936767578e+00,nan,nan,5.344558749032216838e+00,3.458358122555266423e+00,1.886203606709188740e+00
3.677700000000000102e+01,5.117099999999999760e+00,2.746893119812011719e+01,4.155811786651611328e+00,nan,nan,5.599062237572866252e+00,3.727909280506621403e+00,1.871158202274984639e+00
3.167900000000000205e+01,4.306000000000000050e+00,2.743856048583984375e+01,4.127041339874267578e+00,nan,nan,5.308393869233327678e+00,3.514012409893523259e+00,1.794408400639242451e+00
2.542800000000000082e+01,3.417800000000000171e+00,2.681785011291503906e+01,3.755396127700805664e+00,nan,nan,5.273971710038381389e+00,3.466819478718291325e+00,1.807169933899587910e+00
2.330400000000000205e+01,2.857800000000000118e+00,2.690211105346679688e+01,3.807744979858398438e+00,nan,nan,5.375194344353872111e+00,3.500661565510283513e+00,1.874734957798666279e+00
2.463899999999999935e+01,3.050899999999999945e+00,2.672747039794921875e+01,3.718534946441650391e+00,nan,nan,5.310739312005239299e+00,3.474775327888976140e+00,1.836024065598196309e+00
2.688500000000000156e+01,3.533700000000000063e+00,2.666520309448242188e+01,3.685168504714965820e+00,nan,nan,5.261303934884267619e+00,3.461616052834044499e+00,1.799690623863882344e+00
2.664199999999999946e+01,3.050899999999999945e+00,2.740324783325195312e+01,4.099162101745605469e+00,nan,nan,5.348073992562490275e+00,3.459928049294005437e+00,1.888146002873129170e+00
2.724900000000000233e+01,3.456399999999999917e+00,2.744630241394042969e+01,4.133264064788818359e+00,nan,nan,5.289387259316640666e+00,3.458080782143126530e+00,1.831306357964224141e+00
2.767300000000000182e+01,3.919900000000000162e+00,2.744348526000976562e+01,4.134502410888671875e+00,nan,nan,5.252841505837636760e+00,3.458113803116332097e+00,1.794730563744253438e+00
2.682400000000000162e+01,3.552999999999999936e+00,2.729267120361328125e+01,4.040444374084472656e+00,nan,nan,5.271779331994252971e+00,3.459241463390837712e+00,1.812529166325277608e+00
2.749099999999999966e+01,3.842600000000000016e+00,2.706226348876953125e+01,3.903160810470581055e+00,nan,nan,5.253502163720327189e+00,3.459951116291533513e+00,1.793557723149008076e+00
2.767300000000000182e+01,3.900500000000000078e+00,2.672894859313964844e+01,3.704513072967529297e+00,nan,nan,5.262090716195302775e+00,3.463258101192961735e+00,1.798889120205587666e+00
2.724900000000000233e+01,3.919900000000000162e+00,2.655532073974609375e+01,3.618449211120605469e+00,nan,nan,5.266223583054738810e+00,3.462467982021819157e+00,1.803826768978781026e+00
2.682400000000000162e+01,3.746100000000000207e+00,2.650209045410156250e+01,3.596645116806030273e+00,nan,nan,5.259026322198110392e+00,3.461350335327635808e+00,1.797711511238760274e+00
3.173999999999999844e+01,3.340599999999999792e+00,2.746902847290039062e+01,4.155933856964111328e+00,nan,nan,5.363214645219045451e+00,3.514755143372069401e+00,1.848460991963094990e+00
2.998000000000000043e+01,3.997100000000000097e+00,2.746899032592773438e+01,4.155972957611083984e+00,nan,nan,5.270008835625844767e+00,3.477547718731413884e+00,1.792464633568472188e+00
2.415399999999999991e+01,3.301899999999999835e+00,2.746897506713867188e+01,4.155923366546630859e+00,nan,nan,5.346236738991933635e+00,3.492142154423247380e+00,1.854099054917043965e+00
2.251500000000000057e+01,3.031600000000000072e+00,2.746360778808593750e+01,4.150797843933105469e+00,nan,nan,5.434636983704763225e+00,3.534230066982756657e+00,1.900459130390829365e+00
2.542800000000000082e+01,3.437100000000000044e+00,2.746827507019042969e+01,4.141290664672851562e+00,nan,nan,5.304122123551564982e+00,3.470641745773802800e+00,1.833480675800985615e+00
2.621699999999999875e+01,3.456399999999999917e+00,2.747778320312500000e+01,4.154322624206542969e+00,nan,nan,5.294971022439199260e+00,3.462593270985137028e+00,1.832378705128378193e+00
2.306099999999999994e+01,3.301899999999999835e+00,2.746897888183593750e+01,4.155958652496337891e+00,nan,nan,5.372531804871755412e+00,3.518445624557982487e+00,1.854091187103933613e+00
2.925099999999999767e+01,3.861899999999999888e+00,2.746898078918457031e+01,4.155979633331298828e+00,nan,nan,5.265642437768178752e+00,3.467798663822661442e+00,1.797847290619558613e+00
3.277100000000000080e+01,4.344699999999999562e+00,2.746903419494628906e+01,4.156001091003417969e+00,nan,nan,5.338924798798757365e+00,3.545520438400755925e+00,1.793407817467397969e+00
2.834099999999999753e+01,4.170899999999999608e+00,2.707907295227050781e+01,3.921505689620971680e+00,nan,nan,5.263785753083425334e+00,3.464573635307799382e+00,1.799274047001547139e+00
2.554899999999999949e+01,3.282599999999999962e+00,2.708725547790527344e+01,3.930977344512939453e+00,nan,nan,5.297084841561513713e+00,3.466965629307280583e+00,1.830125291927999776e+00
2.439600000000000080e+01,3.166799999999999837e+00,2.725048255920410156e+01,4.023980617523193359e+00,nan,nan,5.340238604378896525e+00,3.484192742554198308e+00,1.856077511891073506e+00
2.597400000000000020e+01,3.340599999999999792e+00,2.721643066406250000e+01,4.011397361755371094e+00,nan,nan,5.294874820542531779e+00,3.463795794693480534e+00,1.831073184593862813e+00
2.718800000000000239e+01,3.746100000000000207e+00,2.723838424682617188e+01,4.030482292175292969e+00,nan,nan,5.257460865807729533e+00,3.458952917305480046e+00,1.798503180130667012e+00
3.331700000000000017e+01,4.402599999999999625e+00,2.745476341247558594e+01,4.143208026885986328e+00,nan,nan,5.361646566224294475e+00,3.565030051914702458e+00,1.796636422260946553e+00
2.639900000000000091e+01,3.572299999999999809e+00,2.745850753784179688e+01,4.150293350219726562e+00,nan,nan,5.280730876755910685e+00,3.461339010445128483e+00,1.819396873100942891e+00
2.269699999999999918e+01,2.896399999999999864e+00,2.739347267150878906e+01,4.104590415954589844e+00,nan,nan,5.445895466637807658e+00,3.526784671989928288e+00,1.919282813652700703e+00
2.530699999999999861e+01,3.205400000000000027e+00,2.708528900146484375e+01,3.943982839584350586e+00,nan,nan,5.309515509438710978e+00,3.468622340408812565e+00,1.840945799931234639e+00
2.828000000000000114e+01,3.649500000000000188e+00,2.717644691467285156e+01,3.994748353958129883e+00,nan,nan,5.265349302125173381e+00,3.462294294086943669e+00,1.803028781994528096e+00
2.900900000000000034e+01,4.054999999999999716e+00,2.718066787719726562e+01,4.005126953125000000e+00,nan,nan,5.261096629929738810e+00,3.468837811199675603e+00,1.792278249844259541e+00
2.791600000000000037e+01,3.997100000000000097e+00,2.714479637145996094e+01,3.989392042160034180e+00,nan,nan,5.252430233788686564e+00,3.460353864876280827e+00,1.792087097748464863e+00
2.676300000000000168e+01,3.823300000000000143e+00,2.714705657958984375e+01,3.991747856140136719e+00,nan,nan,5.253435644936757853e+00,3.458951009956847233e+00,1.794486840351766865e+00
3.040399999999999991e+01,3.939200000000000035e+00,2.717614555358886719e+01,4.003236770629882812e+00,nan,nan,5.283184323144155314e+00,3.490843488422881169e+00,1.792343814953512471e+00
2.585300000000000153e+01,3.340599999999999792e+00,2.710358238220214844e+01,3.966352224349975586e+00,nan,nan,5.290189299416738322e+00,3.463551713673125310e+00,1.826652308090872090e+00
2.476000000000000156e+01,3.108900000000000219e+00,2.709877395629882812e+01,3.954922676086425781e+00,nan,nan,5.331100377869802287e+00,3.475768222061644597e+00,1.855411608799642842e+00
2.615599999999999881e+01,3.398499999999999854e+00,2.709810447692871094e+01,3.958098173141479492e+00,nan,nan,5.281601223778920939e+00,3.461500360218535466e+00,1.820106824024862568e+00
2.749099999999999966e+01,3.630199999999999871e+00,2.709570121765136719e+01,3.956278085708618164e+00,nan,nan,5.261316332650380900e+00,3.459216906277190251e+00,1.802084107979482930e+00
2.773400000000000176e+01,3.746100000000000207e+00,2.710351753234863281e+01,3.960052013397216797e+00,nan,nan,5.256686601472097209e+00,3.459935321060668034e+00,1.796743174179739277e+00
2.755199999999999960e+01,3.630199999999999871e+00,2.709276390075683594e+01,3.955122470855712891e+00,nan,nan,5.261409196686940959e+00,3.459383382050047917e+00,1.802009721382803242e+00
2.712699999999999889e+01,3.591600000000000126e+00,2.709421920776367188e+01,3.954834461212158203e+00,nan,nan,5.263097081017690471e+00,3.458725883213530583e+00,1.804359574898428242e+00
3.070800000000000196e+01,3.823300000000000143e+00,2.746854209899902344e+01,4.155511856079101562e+00,nan,nan,5.290876779389577678e+00,3.490609599796782536e+00,1.800264855011648457e+00
2.609600000000000009e+01,3.456399999999999917e+00,2.746839904785156250e+01,4.155221939086914062e+00,nan,nan,5.296813402009206584e+00,3.463767065254698796e+00,1.833051760777181904e+00
2.378900000000000148e+01,3.147499999999999964e+00,2.746446800231933594e+01,4.153409004211425781e+00,nan,nan,5.379057202172475627e+00,3.500013722626219792e+00,1.879079838379568379e+00
2.518499999999999872e+01,3.379199999999999982e+00,2.743626022338867188e+01,4.148127555847167969e+00,nan,nan,5.315146241021352580e+00,3.473529113976012273e+00,1.841638703926748555e+00
2.651999999999999957e+01,3.707500000000000018e+00,2.748582077026367188e+01,4.139468669891357422e+00,nan,nan,5.266483936143117717e+00,3.460408343521605534e+00,1.806074281319326680e+00
2.779500000000000171e+01,3.939200000000000035e+00,2.738282966613769531e+01,4.048511981964111328e+00,nan,nan,5.250415358376699260e+00,3.458344115463744206e+00,1.792072077377981465e+00
2.718800000000000239e+01,3.900500000000000078e+00,2.739628219604492188e+01,4.057204246520996094e+00,nan,nan,5.250636253190236857e+00,3.457878662792693181e+00,1.792757351978964131e+00
2.633800000000000097e+01,3.630199999999999871e+00,2.741476440429687500e+01,4.068957328796386719e+00,nan,nan,5.268606576752858928e+00,3.461337758747588200e+00,1.807265122517294209e+00
1.881299999999999883e+01,2.259199999999999875e+00,2.744519805908203125e+01,4.106921672821044922e+00,nan,nan,5.779144320321279338e+00,3.690005733219634099e+00,2.089204390629476826e+00
2.864400000000000190e+01,3.958499999999999908e+00,2.746353530883789062e+01,4.133556842803955078e+00,nan,nan,5.254773053956228068e+00,3.461938037125121159e+00,1.792836030110067647e+00
3.155699999999999861e+01,4.653599999999999959e+00,2.739917945861816406e+01,4.145406246185302734e+00,nan,nan,5.323893341851430705e+00,3.511627926079283757e+00,1.812290211304373067e+00
2.919099999999999895e+01,4.093600000000000350e+00,2.737160491943359375e+01,4.144919395446777344e+00,nan,nan,5.257866415810781291e+00,3.468061877933989567e+00,1.789807160481161397e+00
2.591400000000000148e+01,3.726799999999999891e+00,2.741687583923339844e+01,4.151763439178466797e+00,nan,nan,5.269936356377797892e+00,3.464647723881255192e+00,1.805291433914846699e+00
2.542800000000000082e+01,3.591600000000000126e+00,2.745570373535156250e+01,4.156833171844482422e+00,nan,nan,5.287679943871694377e+00,3.470278515068541569e+00,1.817400475128835957e+00
2.597400000000000020e+01,3.649500000000000188e+00,2.745878028869628906e+01,4.157073020935058594e+00,nan,nan,5.276293787789541057e+00,3.464309586731444401e+00,1.811983724220938008e+00
2.670199999999999818e+01,3.668800000000000061e+00,2.743231010437011719e+01,4.152041435241699219e+00,nan,nan,5.269111428094106486e+00,3.459208800045500798e+00,1.809904952629751484e+00
2.548900000000000077e+01,3.668800000000000061e+00,2.746898078918457031e+01,4.155963420867919922e+00,nan,nan,5.281113061738210490e+00,3.470108343807707829e+00,1.811009128674215596e+00
2.973699999999999832e+01,3.591600000000000126e+00,2.746896171569824219e+01,4.155965805053710938e+00,nan,nan,5.292051706147390178e+00,3.473925365654479069e+00,1.818129201515859883e+00
3.192199999999999704e+01,3.746100000000000207e+00,2.746873474121093750e+01,4.155608654022216797e+00,nan,nan,5.324728998971181682e+00,3.519707633701811833e+00,1.805023511036581318e+00
2.755199999999999960e+01,3.533700000000000063e+00,2.692299079895019531e+01,3.794795274734497070e+00,nan,nan,5.264693770241933635e+00,3.461519791332732243e+00,1.803152580841726582e+00
2.463899999999999935e+01,2.993000000000000327e+00,2.698401641845703125e+01,3.843173027038574219e+00,nan,nan,5.336060557198720744e+00,3.477135254589568181e+00,1.859013279064840596e+00
2.439600000000000080e+01,2.915799999999999947e+00,2.703041839599609375e+01,3.878735542297363281e+00,nan,nan,5.357254419160085490e+00,3.481454803196440739e+00,1.875897784813589375e+00
2.651999999999999957e+01,3.340599999999999792e+00,2.697418594360351562e+01,3.851295948028564453e+00,nan,nan,5.278974685502248576e+00,3.460829927174101872e+00,1.818121452912039082e+00
2.730900000000000105e+01,3.591600000000000126e+00,2.696816253662109375e+01,3.852441310882568359e+00,nan,nan,5.261839661431508830e+00,3.460584415642272038e+00,1.801241298302358906e+00
2.445699999999999719e+01,2.703300000000000036e+00,2.728049278259277344e+01,4.019316673278808594e+00,nan,nan,5.427792939973073771e+00,3.483542336670409245e+00,1.944357057198232930e+00
2.779500000000000171e+01,3.803999999999999826e+00,2.740709877014160156e+01,4.111495971679687500e+00,nan,nan,5.257696900201040080e+00,3.458579911438475651e+00,1.799115439041799824e+00
2.773400000000000176e+01,3.900500000000000078e+00,2.746938705444335938e+01,4.155072212219238281e+00,nan,nan,5.253409895730214885e+00,3.457954956738005681e+00,1.795457263573355000e+00
2.743099999999999739e+01,3.591600000000000126e+00,2.745888519287109375e+01,4.147772312164306641e+00,nan,nan,5.274539027047353557e+00,3.457722558228026433e+00,1.816817005261129658e+00
2.682400000000000162e+01,3.823300000000000143e+00,2.744663810729980469e+01,4.139973640441894531e+00,nan,nan,5.257669720483022502e+00,3.459026409832488103e+00,1.798644264324850361e+00
2.724900000000000233e+01,3.726799999999999891e+00,2.738827896118164062e+01,4.105941772460937500e+00,nan,nan,5.261126193833547404e+00,3.458190454689513249e+00,1.802932937725729268e+00
2.706699999999999662e+01,3.746100000000000207e+00,2.739009475708007812e+01,4.107715129852294922e+00,nan,nan,5.260204348397451213e+00,3.458445622173796696e+00,1.801756818875021260e+00
2.676300000000000168e+01,3.746100000000000207e+00,2.738458251953125000e+01,4.102551937103271484e+00,nan,nan,5.260860953164296916e+00,3.459331645218382878e+00,1.801527877434438984e+00
3.410600000000000165e+01,5.368100000000000094e+00,2.746906089782714844e+01,4.155887126922607422e+00,nan,nan,5.513971123528676799e+00,3.595168425289641423e+00,1.918808122261709492e+00
2.597400000000000020e+01,3.147499999999999964e+00,2.739502143859863281e+01,4.094188213348388672e+00,nan,nan,5.334981832337575725e+00,3.464448584763060612e+00,1.870552380665487568e+00
2.221199999999999974e+01,2.626100000000000101e+00,2.696861267089843750e+01,3.815608263015747070e+00,nan,nan,5.449737582040029338e+00,3.530320657936583562e+00,1.919874806984609883e+00
2.360699999999999932e+01,2.915799999999999947e+00,2.673582267761230469e+01,3.682975292205810547e+00,nan,nan,5.341079029870229533e+00,3.491475059238921208e+00,1.849790831192678731e+00
2.700600000000000023e+01,3.070199999999999818e+00,2.672307205200195312e+01,3.680551528930664062e+00,nan,nan,5.292513999772268107e+00,3.461390449253569646e+00,1.831031818970388692e+00
2.730900000000000105e+01,3.437100000000000044e+00,2.675020217895507812e+01,3.698606491088867188e+00,nan,nan,5.266438398194509318e+00,3.461978985516081853e+00,1.804434855564779561e+00
2.700600000000000023e+01,3.495000000000000107e+00,2.665730857849121094e+01,3.646882772445678711e+00,nan,nan,5.262851986718374064e+00,3.461785985676299138e+00,1.801069517716116231e+00
2.670199999999999818e+01,3.379199999999999982e+00,2.660186576843261719e+01,3.620031833648681641e+00,nan,nan,5.266023549866872600e+00,3.461687041965971989e+00,1.804325361832327168e+00
2.828000000000000114e+01,2.819199999999999484e+00,2.746589088439941406e+01,4.152097225189208984e+00,nan,nan,5.406080398392873576e+00,3.459971024242888493e+00,1.946104367359823506e+00
2.542800000000000082e+01,2.993000000000000327e+00,2.638173294067382812e+01,3.421466112136840820e+00,nan,nan,5.278281960320668986e+00,3.463796927181731267e+00,1.814495404347128193e+00
2.767300000000000182e+01,3.282599999999999962e+00,2.632641029357910156e+01,3.394646406173706055e+00,nan,nan,5.266500744652944377e+00,3.466688467709075017e+00,1.799805124386495869e+00
2.779500000000000171e+01,3.533700000000000063e+00,2.624558067321777344e+01,3.354786872863769531e+00,nan,nan,5.269832167458730510e+00,3.468610479084502263e+00,1.801303525551504414e+00
2.730900000000000105e+01,3.475699999999999790e+00,2.611892509460449219e+01,3.285551548004150391e+00,nan,nan,5.267481360268789103e+00,3.465753628460417790e+00,1.801802774056143086e+00
2.688500000000000156e+01,3.070199999999999818e+00,2.694487571716308594e+01,3.771783351898193359e+00,nan,nan,5.300453576874929240e+00,3.459912790504942937e+00,1.840474625214285176e+00
2.797699999999999676e+01,2.626100000000000101e+00,2.746899986267089844e+01,4.155985355377197266e+00,nan,nan,5.453946742844777873e+00,3.458744241444121403e+00,1.995204647167867940e+00
2.694500000000000028e+01,3.900500000000000078e+00,2.746898651123046875e+01,4.155968189239501953e+00,nan,nan,5.254692468476491740e+00,3.458747340885649724e+00,1.795949240311331074e+00
2.560999999999999943e+01,3.437100000000000044e+00,2.746979141235351562e+01,4.156491756439208984e+00,nan,nan,5.304152045083242228e+00,3.468662335125456853e+00,1.835494061096853535e+00
2.743099999999999739e+01,3.649500000000000188e+00,2.738076400756835938e+01,4.083287239074707031e+00,nan,nan,5.265422258210378459e+00,3.457997037617217106e+00,1.807419021710104268e+00
2.828000000000000114e+01,3.939200000000000035e+00,2.692506217956542969e+01,3.816697359085083008e+00,nan,nan,5.259824070763784221e+00,3.464860393253813786e+00,1.794995625599569600e+00
2.791600000000000037e+01,3.977799999999999780e+00,2.662220573425292969e+01,3.685376882553100586e+00,nan,nan,5.266121420693593791e+00,3.464697136131773991e+00,1.801483412369436543e+00
2.658099999999999952e+01,3.630199999999999871e+00,2.651360321044921875e+01,3.653269290924072266e+00,nan,nan,5.252822432351308635e+00,3.459438456741820378e+00,1.793388505562490742e+00
2.639900000000000091e+01,3.726799999999999891e+00,2.678326034545898438e+01,3.798566579818725586e+00,nan,nan,5.253015789818960002e+00,3.459803833214293523e+00,1.793214400395101826e+00
2.615599999999999881e+01,3.649500000000000188e+00,2.746362113952636719e+01,4.150694847106933594e+00,nan,nan,5.275649223160939982e+00,3.463221742359648747e+00,1.812434096916860859e+00
2.749099999999999966e+01,3.649500000000000188e+00,2.746876716613769531e+01,4.155807018280029297e+00,nan,nan,5.270414147210317424e+00,3.457852853981505437e+00,1.812564929112142842e+00
2.785599999999999810e+01,3.668800000000000061e+00,2.741520309448242188e+01,4.121869087219238281e+00,nan,nan,5.266892824006276896e+00,3.458619071690093083e+00,1.808270056828207295e+00
2.658099999999999952e+01,3.475699999999999790e+00,2.740764427185058594e+01,4.115129470825195312e+00,nan,nan,5.285979780984121135e+00,3.460044814793120427e+00,1.825931628330892842e+00
2.621699999999999875e+01,3.205400000000000027e+00,2.746689224243164062e+01,4.151809215545654297e+00,nan,nan,5.330508503747182658e+00,3.462431325165282292e+00,1.868077655419058125e+00
2.603500000000000014e+01,3.263300000000000090e+00,2.747141647338867188e+01,4.155374526977539062e+00,nan,nan,5.323181423974233439e+00,3.463932289330016179e+00,1.859250863178915303e+00
2.700600000000000023e+01,3.398499999999999854e+00,2.747141075134277344e+01,4.155817985534667969e+00,nan,nan,5.297890219521718791e+00,3.458148612228880925e+00,1.839743097408956807e+00
2.403199999999999648e+01,2.973700000000000010e+00,2.746850967407226562e+01,4.152868747711181641e+00,nan,nan,5.405746850800710490e+00,3.494349433628569646e+00,1.911398788078970234e+00
1.966300000000000026e+01,1.795799999999999841e+00,2.746729660034179688e+01,4.154951095581054688e+00,nan,nan,5.925022396874624064e+00,3.647660328594695134e+00,2.277416070088094990e+00
3.173999999999999844e+01,4.692199999999999704e+00,2.735543251037597656e+01,4.085445404052734375e+00,nan,nan,5.341628823113637736e+00,3.518023444859038396e+00,1.823716540917105000e+00
3.161800000000000210e+01,4.672900000000000276e+00,2.716404914855957031e+01,3.965971231460571289e+00,nan,nan,5.356187019181447795e+00,3.520346416679869694e+00,1.836037417038625996e+00
2.900900000000000034e+01,4.170899999999999608e+00,2.668374824523925781e+01,3.699259757995605469e+00,nan,nan,5.288906369042592814e+00,3.476017309872160954e+00,1.813003380879110615e+00
2.597400000000000020e+01,3.572299999999999809e+00,2.670803451538085938e+01,3.718570470809936523e+00,nan,nan,5.256396207642751506e+00,3.461009873596678776e+00,1.795389195069021504e+00
2.603500000000000014e+01,3.688099999999999934e+00,2.650532150268554688e+01,3.632786273956298828e+00,nan,nan,5.253800186944204142e+00,3.460070444790373845e+00,1.793735106571859639e+00
2.633800000000000097e+01,3.668800000000000061e+00,2.646022415161132812e+01,3.611904621124267578e+00,nan,nan,5.252909097504812053e+00,3.459363891331206364e+00,1.793551941498464863e+00
2.876599999999999824e+01,3.823300000000000143e+00,2.653241729736328125e+01,3.624663114547729492e+00,nan,nan,5.273583564591604045e+00,3.475072397438536687e+00,1.798588295563406270e+00
3.665500000000000114e+01,5.174999999999999822e+00,2.745827484130859375e+01,4.146235942840576172e+00,nan,nan,5.604752573800283244e+00,3.721493078915129704e+00,1.883366306408590596e+00
2.196900000000000119e+01,2.857800000000000118e+00,2.747021102905273438e+01,4.156133651733398438e+00,nan,nan,5.489982757401662639e+00,3.552239073959837956e+00,1.937750895603842061e+00
1.820599999999999952e+01,2.124099999999999877e+00,2.740633773803710938e+01,4.138098239898681641e+00,nan,nan,5.866854462456899455e+00,3.721750570980559392e+00,2.145313819035238545e+00
2.421400000000000219e+01,3.263300000000000090e+00,2.727438545227050781e+01,4.122821807861328125e+00,nan,nan,5.342143688035207560e+00,3.487417830673705144e+00,1.854751248940176289e+00
2.864400000000000190e+01,3.842600000000000016e+00,2.743309211730957031e+01,4.158166885375976562e+00,nan,nan,5.260409865212636760e+00,3.462167693821440739e+00,1.798244615181631367e+00
2.919099999999999895e+01,4.093600000000000350e+00,2.745328140258789062e+01,4.158540725708007812e+00,nan,nan,5.256664309334951213e+00,3.466864182201872868e+00,1.789801855667776387e+00
2.706699999999999662e+01,3.900500000000000078e+00,2.744488906860351562e+01,4.157990932464599609e+00,nan,nan,5.253014478516774943e+00,3.457859172073851628e+00,1.795156200512594502e+00
2.542800000000000082e+01,3.630199999999999871e+00,2.732176399230957031e+01,4.124733448028564453e+00,nan,nan,5.280318651032644084e+00,3.469053997246275944e+00,1.811278005226797383e+00
2.154400000000000048e+01,2.819199999999999484e+00,2.746535110473632812e+01,4.155208110809326172e+00,nan,nan,5.514351520371633342e+00,3.567566885200987858e+00,1.946796854122823994e+00
3.070800000000000196e+01,4.113000000000000433e+00,2.746710395812988281e+01,4.153700828552246094e+00,nan,nan,5.281389865708547404e+00,3.490633501259337468e+00,1.790759583100027363e+00
3.216400000000000148e+01,4.653599999999999959e+00,2.740078926086425781e+01,4.111526489257812500e+00,nan,nan,5.345469388795095256e+00,3.528660549370299382e+00,1.816892881973928731e+00
2.791600000000000037e+01,3.746100000000000207e+00,2.717912864685058594e+01,4.012872219085693359e+00,nan,nan,5.257890019250112346e+00,3.460096730438719792e+00,1.797783275231069844e+00
2.524599999999999866e+01,3.340599999999999792e+00,2.681501960754394531e+01,3.851029396057128906e+00,nan,nan,5.282206330132680705e+00,3.466878844944487614e+00,1.815347214325613301e+00
2.512500000000000000e+01,3.166799999999999837e+00,2.665010833740234375e+01,3.761724233627319336e+00,nan,nan,5.290515694451528361e+00,3.466596855370055241e+00,1.823947806938833516e+00
2.670199999999999818e+01,3.514400000000000190e+00,2.656280136108398438e+01,3.712776422500610352e+00,nan,nan,5.256254348588186076e+00,3.459467603413115544e+00,1.796781321152395527e+00
2.700600000000000023e+01,3.572299999999999809e+00,2.724288368225097656e+01,4.043313026428222656e+00,nan,nan,5.269570264649587443e+00,3.458716048447142644e+00,1.810846169575399678e+00
2.385000000000000142e+01,3.301899999999999835e+00,2.746890258789062500e+01,4.155896186828613281e+00,nan,nan,5.352773818803029826e+00,3.498703970161925358e+00,1.854075809105581563e+00
3.119300000000000139e+01,4.228799999999999670e+00,2.746917724609375000e+01,4.156127929687500000e+00,nan,nan,5.291920814347463420e+00,3.501153661457549138e+00,1.790770848377889912e+00
3.143599999999999994e+01,4.499100000000000321e+00,2.742050933837890625e+01,4.118815898895263672e+00,nan,nan,5.311720166039663127e+00,3.508261157719145817e+00,1.803491790875143330e+00
2.779500000000000171e+01,3.803999999999999826e+00,2.712577056884765625e+01,3.939301729202270508e+00,nan,nan,5.254941377473073771e+00,3.460535241810332341e+00,1.794405480011648457e+00
2.627800000000000225e+01,3.533700000000000063e+00,2.720541763305664062e+01,3.984261274337768555e+00,nan,nan,5.271661553216176799e+00,3.461555017677794499e+00,1.810101945980734151e+00
2.591400000000000148e+01,3.437100000000000044e+00,2.720486640930175781e+01,3.988891839981079102e+00,nan,nan,5.282825741601186564e+00,3.464077128616820378e+00,1.818746586426443379e+00
2.676300000000000168e+01,3.417800000000000171e+00,2.717614364624023438e+01,3.975939035415649414e+00,nan,nan,5.278920564484792521e+00,3.459528459755431218e+00,1.819375594242758076e+00
2.912999999999999901e+01,3.881200000000000205e+00,2.731868934631347656e+01,4.061351299285888672e+00,nan,nan,5.263108644318776896e+00,3.468718721119414372e+00,1.794387002571768086e+00
4.114600000000000080e+01,5.464599999999999902e+00,2.746901702880859375e+01,4.156010627746582031e+00,nan,nan,5.981159004998403361e+00,4.040849043575773791e+00,1.940317650421804707e+00
2.196900000000000119e+01,2.741999999999999993e+00,2.746899604797363281e+01,4.155982971191406250e+00,nan,nan,5.517428788972097209e+00,3.552169574944029851e+00,1.965265591725057881e+00
1.620400000000000063e+01,1.641300000000000203e+00,2.746885681152343750e+01,4.155897140502929688e+00,nan,nan,6.197076592278676799e+00,3.853363348690520329e+00,2.343734462841696065e+00
2.427499999999999858e+01,3.166799999999999837e+00,2.746934127807617188e+01,4.151685237884521484e+00,nan,nan,5.364632043671804240e+00,3.489592982975493474e+00,1.875042100533193867e+00
3.040399999999999991e+01,4.093600000000000350e+00,2.737971687316894531e+01,4.072426319122314453e+00,nan,nan,5.278334650826650432e+00,3.486516608444701237e+00,1.791830559357351582e+00
3.040399999999999991e+01,4.441200000000000259e+00,2.726664161682128906e+01,4.000678062438964844e+00,nan,nan,5.298415694070058635e+00,3.488995207993041081e+00,1.809514065369314473e+00
2.761300000000000310e+01,3.919900000000000162e+00,2.721257781982421875e+01,3.965123414993286133e+00,nan,nan,5.251909646821218303e+00,3.459032012669096989e+00,1.792884309872335713e+00
2.548900000000000077e+01,3.649500000000000188e+00,2.746990203857421875e+01,4.155972003936767578e+00,nan,nan,5.282693419289785197e+00,3.470101191250334782e+00,1.812596161946005147e+00
2.014799999999999969e+01,2.780600000000000183e+00,2.746898460388183594e+01,4.155967712402343750e+00,nan,nan,5.580733570885854533e+00,3.624922706333647771e+00,1.955817659481710713e+00
3.865800000000000125e+01,4.962600000000000122e+00,2.746898460388183594e+01,4.155965328216552734e+00,nan,nan,5.695240769219594767e+00,3.848063422886382146e+00,1.847181459053701680e+00
3.835399999999999920e+01,5.599800000000000111e+00,2.745262336730957031e+01,4.138373374938964844e+00,nan,nan,5.805968079400258830e+00,3.828268362728606267e+00,1.977937181576437276e+00
2.870499999999999829e+01,3.533700000000000063e+00,2.642547416687011719e+01,3.506952285766601562e+00,nan,nan,5.279029879403310588e+00,3.478270127026091618e+00,1.800831456764883320e+00
2.263599999999999923e+01,2.857800000000000118e+00,2.652172851562500000e+01,3.571563482284545898e+00,nan,nan,5.352275166344838908e+00,3.508681370464812321e+00,1.843869348152822774e+00
2.336499999999999844e+01,2.819199999999999484e+00,2.645592880249023438e+01,3.544277191162109375e+00,nan,nan,5.336404595208364299e+00,3.491646303383360905e+00,1.844953377827352803e+00
2.749099999999999966e+01,3.591600000000000126e+00,2.731693649291992188e+01,4.031413555145263672e+00,nan,nan,5.268818769288259318e+00,3.458545757977019353e+00,1.810258885010427754e+00
2.688500000000000156e+01,3.475699999999999790e+00,2.644708251953125000e+01,3.521053552627563477e+00,nan,nan,5.258505377602773478e+00,3.461511089054595036e+00,1.797004898174948018e+00
2.633800000000000097e+01,3.417800000000000171e+00,2.668967819213867188e+01,3.672561407089233398e+00,nan,nan,5.262174758744436076e+00,3.460834993568907780e+00,1.801333685501760762e+00
2.664199999999999946e+01,3.572299999999999809e+00,2.671751976013183594e+01,3.702296495437622070e+00,nan,nan,5.256993088555532267e+00,3.460419429985533757e+00,1.796574850662893574e+00
2.730900000000000105e+01,3.495000000000000107e+00,2.658089065551757812e+01,3.637654066085815430e+00,nan,nan,5.259166869950490764e+00,3.462276412693511052e+00,1.796884139164633076e+00
3.246800000000000352e+01,3.630199999999999871e+00,2.746669960021972656e+01,4.151762485504150391e+00,nan,nan,5.350498947930532267e+00,3.535960509029875798e+00,1.814536293133444111e+00
3.149699999999999989e+01,4.286699999999999733e+00,2.746912002563476562e+01,4.156036853790283203e+00,nan,nan,5.300785097909169963e+00,3.508694125858794255e+00,1.792096038445181172e+00
2.257600000000000051e+01,2.973700000000000010e+00,2.746896743774414062e+01,4.155959129333496094e+00,nan,nan,5.445132169556814006e+00,3.532519652096282048e+00,1.912618179901785176e+00
2.287900000000000134e+01,2.973700000000000010e+00,2.746956253051757812e+01,4.150379180908203125e+00,nan,nan,5.434733304810720256e+00,3.523484124390135808e+00,1.911250849350637715e+00
2.676300000000000168e+01,3.610899999999999999e+00,2.725681114196777344e+01,3.989090919494628906e+00,nan,nan,5.263612065148549846e+00,3.459061576572905583e+00,1.804545183762258809e+00
2.919099999999999895e+01,4.170899999999999608e+00,2.693262863159179688e+01,3.806653738021850586e+00,nan,nan,5.280504736733632853e+00,3.474921955315123601e+00,1.805684526547140401e+00
2.846199999999999974e+01,4.093600000000000350e+00,2.678453063964843750e+01,3.739409446716308594e+00,nan,nan,5.272386345696645549e+00,3.467993928638945622e+00,1.804460843189901631e+00
2.694500000000000028e+01,3.707500000000000018e+00,2.670358467102050781e+01,3.706245660781860352e+00,nan,nan,5.252798352074819377e+00,3.459443999973784489e+00,1.793360968216604512e+00
2.281800000000000139e+01,3.610899999999999999e+00,2.746898078918457031e+01,4.156010150909423828e+00,nan,nan,5.341608438325124553e+00,3.525317622868071599e+00,1.816297491177267354e+00
2.609600000000000009e+01,3.224699999999999900e+00,2.746860885620117188e+01,4.155538558959960938e+00,nan,nan,5.329970273804860881e+00,3.463767959324370427e+00,1.866209765061086934e+00
3.271099999999999852e+01,4.557100000000000151e+00,2.746876144409179688e+01,4.155865192413330078e+00,nan,nan,5.347832951379018596e+00,3.543541743008147282e+00,1.804295201882070820e+00
3.052599999999999980e+01,4.209500000000000242e+00,2.746849250793457031e+01,4.154871940612792969e+00,nan,nan,5.277109179330068400e+00,3.486920191494475407e+00,1.790191908463186543e+00
2.670199999999999818e+01,3.610899999999999999e+00,2.747047615051269531e+01,4.156475067138671875e+00,nan,nan,5.275209698510366252e+00,3.459456874577055974e+00,1.815755744560903828e+00
2.469999999999999929e+01,3.359900000000000109e+00,2.744610404968261719e+01,4.145206928253173828e+00,nan,nan,5.325023803544240764e+00,3.481154038158904118e+00,1.843882222756094258e+00
2.567099999999999937e+01,3.186100000000000154e+00,2.743324470520019531e+01,4.137803554534912109e+00,nan,nan,5.336665782761770060e+00,3.467332853523741765e+00,1.869346697910970967e+00
2.706699999999999662e+01,3.591600000000000126e+00,2.743197250366210938e+01,4.138931274414062500e+00,nan,nan,5.274192604851918986e+00,3.458050920216094060e+00,1.816142697914785664e+00
1.753900000000000148e+01,2.278500000000000192e+00,2.743942642211914062e+01,4.142543792724609375e+00,nan,nan,5.857535157036977580e+00,3.763325525967131657e+00,2.094313104733175557e+00
2.554899999999999949e+01,2.857800000000000118e+00,2.745305633544921875e+01,4.146401882171630859e+00,nan,nan,5.404706749749379924e+00,3.469062163082610173e+00,1.935674329384512227e+00
3.349900000000000233e+01,4.904600000000000293e+00,2.740377235412597656e+01,4.119352817535400391e+00,nan,nan,5.418214115929799846e+00,3.573676301685820622e+00,1.844653328045553486e+00
3.089000000000000057e+01,4.557100000000000151e+00,2.734428024291992188e+01,4.087068557739257812e+00,nan,nan,5.307625088525014689e+00,3.497218205181609196e+00,1.810477932079977315e+00
2.658099999999999952e+01,3.823300000000000143e+00,2.735206031799316406e+01,4.091908931732177734e+00,nan,nan,5.257172021699147990e+00,3.459863795486937565e+00,1.797312160118765156e+00
2.536699999999999733e+01,3.533700000000000063e+00,2.735627746582031250e+01,4.094103336334228516e+00,nan,nan,5.288757476639943889e+00,3.470307840553771062e+00,1.818470557316488545e+00
2.542800000000000082e+01,3.495000000000000107e+00,2.735897445678710938e+01,4.097053050994873047e+00,nan,nan,5.292147431206899455e+00,3.469578160492430730e+00,1.822588761433309834e+00
2.627800000000000225e+01,3.668800000000000061e+00,2.735369873046875000e+01,4.093734741210937500e+00,nan,nan,5.268314394784169963e+00,3.461573673931609196e+00,1.806747634991354268e+00
3.653399999999999892e+01,3.823300000000000143e+00,2.746888160705566406e+01,4.155966758728027344e+00,nan,nan,5.513981971574025920e+00,3.714003993717680974e+00,1.799977679833120625e+00
3.404599999999999937e+01,4.943299999999999805e+00,2.746869277954101562e+01,4.155941009521484375e+00,nan,nan,5.437450442147451213e+00,3.592790021149169011e+00,1.844666679485983174e+00
1.911700000000000088e+01,2.104800000000000004e+00,2.744724273681640625e+01,4.143180847167968750e+00,nan,nan,5.828311953377919963e+00,3.674323274342070622e+00,2.154282529934591572e+00
1.899500000000000099e+01,2.239900000000000002e+00,2.738245964050292969e+01,4.104332923889160156e+00,nan,nan,5.772134337258535197e+00,3.677334381786833806e+00,2.095432837589926045e+00
2.518499999999999872e+01,3.437100000000000044e+00,2.698705863952636719e+01,3.955842494964599609e+00,nan,nan,5.287095818352895549e+00,3.469728483406554265e+00,1.817418952568716328e+00
2.943300000000000338e+01,4.402599999999999625e+00,2.711996841430664062e+01,4.032167434692382812e+00,nan,nan,5.279776129555898478e+00,3.475712551323424382e+00,1.804155071362203877e+00
2.888699999999999690e+01,4.248099999999999987e+00,2.704444503784179688e+01,4.013563156127929688e+00,nan,nan,5.266936335396962932e+00,3.469866646973143620e+00,1.797133048161215108e+00
2.627800000000000225e+01,3.803999999999999826e+00,2.690434074401855469e+01,3.970985174179077148e+00,nan,nan,5.256375942063527873e+00,3.461066319195281071e+00,1.795317133053488057e+00
1.972299999999999898e+01,3.089500000000000135e+00,2.746896171569824219e+01,4.155929088592529297e+00,nan,nan,5.534696850609975627e+00,3.644882036892424626e+00,1.889820654972738545e+00
2.646000000000000085e+01,2.838499999999999801e+00,2.746898841857910156e+01,4.155984401702880859e+00,nan,nan,5.403273258042531779e+00,3.461072279659758610e+00,1.942204554661459248e+00
3.434900000000000375e+01,4.402599999999999625e+00,2.746880722045898438e+01,4.155923843383789062e+00,nan,nan,5.401065740418630412e+00,3.605433596817503972e+00,1.795635600670522969e+00
3.149699999999999989e+01,4.402599999999999625e+00,2.746152305603027344e+01,4.149874687194824219e+00,nan,nan,5.304865155053335002e+00,3.508848621098052067e+00,1.796024401768392842e+00
2.585300000000000153e+01,3.495000000000000107e+00,2.746880912780761719e+01,4.153759002685546875e+00,nan,nan,5.294035229516225627e+00,3.465994490829955144e+00,1.828043599709219258e+00
2.348600000000000065e+01,2.896399999999999864e+00,2.746773719787597656e+01,4.155268192291259766e+00,nan,nan,5.436075601411062053e+00,3.507243885246764226e+00,1.928848286255544942e+00
2.476000000000000156e+01,3.301899999999999835e+00,2.745843887329101562e+01,4.150156974792480469e+00,nan,nan,5.333718094659047892e+00,3.480527950970183415e+00,1.853207011803335469e+00
2.694500000000000028e+01,3.533700000000000063e+00,2.745308876037597656e+01,4.147157192230224609e+00,nan,nan,5.281862649750905803e+00,3.458642555920134587e+00,1.823224444969839375e+00
3.950800000000000267e+01,4.170899999999999608e+00,2.746640777587890625e+01,4.155240535736083984e+00,nan,nan,5.700588259530263713e+00,3.909811450687895817e+00,1.790778120144552510e+00
3.422800000000000153e+01,4.750200000000000422e+00,2.746898651123046875e+01,4.155978202819824219e+00,nan,nan,5.421429548096853068e+00,3.600273682323943181e+00,1.821160157307333272e+00
2.124099999999999966e+01,2.452300000000000146e+00,2.746702384948730469e+01,4.154450416564941406e+00,nan,nan,5.622654232812124064e+00,3.578711344448576970e+00,2.043981154545492451e+00
1.675000000000000000e+01,1.931000000000000050e+00,2.746580696105957031e+01,4.153613567352294922e+00,nan,nan,6.038373503518300822e+00,3.815758659092436833e+00,2.222697456463522236e+00
2.542800000000000082e+01,3.340599999999999792e+00,2.729901123046875000e+01,4.100387573242187500e+00,nan,nan,5.310859594178396037e+00,3.469371093956481023e+00,1.841511805638021748e+00
3.058599999999999852e+01,4.557100000000000151e+00,2.736553764343261719e+01,4.133006572723388672e+00,nan,nan,5.296403322053151896e+00,3.490445746628294987e+00,1.805987556561178486e+00
3.010099999999999909e+01,4.325400000000000134e+00,2.734509468078613281e+01,4.132044792175292969e+00,nan,nan,5.275066408944326213e+00,3.481738104073058171e+00,1.793345411404318135e+00
2.682400000000000162e+01,3.803999999999999826e+00,2.734183502197265625e+01,4.137461185455322266e+00,nan,nan,5.258490238023000529e+00,3.458859397617827458e+00,1.799632390125936787e+00
2.124099999999999966e+01,2.993000000000000327e+00,2.746609687805175781e+01,4.153391361236572266e+00,nan,nan,5.487010631394582560e+00,3.578698291031371159e+00,1.908337553127950947e+00
2.488199999999999790e+01,3.128200000000000092e+00,2.746897315979003906e+01,4.155978202819824219e+00,nan,nan,5.361490521264272502e+00,3.478754772392760319e+00,1.882740338429159443e+00
3.264999999999999858e+01,4.518500000000000405e+00,2.746899795532226562e+01,4.156017780303955078e+00,nan,nan,5.343309435677724650e+00,3.541553093639861149e+00,1.801760335549063008e+00
3.149699999999999989e+01,4.557100000000000151e+00,2.746932601928710938e+01,4.156371116638183594e+00,nan,nan,5.312700781655507853e+00,3.508444263187895817e+00,1.804260929211324971e+00
2.743099999999999739e+01,3.823300000000000143e+00,2.747047996520996094e+01,4.156901359558105469e+00,nan,nan,5.257618222069936564e+00,3.457834257332335515e+00,1.799787660225576680e+00
2.536699999999999733e+01,3.359900000000000109e+00,2.745578765869140625e+01,4.148047447204589844e+00,nan,nan,5.316086206269460490e+00,3.471444441524992985e+00,1.844654996975607197e+00
2.573099999999999810e+01,3.359900000000000109e+00,2.741710662841796875e+01,4.125621318817138672e+00,nan,nan,5.308778915238576701e+00,3.466777159420500798e+00,1.842019100769705098e+00
2.712699999999999889e+01,3.765400000000000080e+00,2.740411567687988281e+01,4.116496562957763672e+00,nan,nan,5.259955916238027385e+00,3.458178712574492497e+00,1.801779766663259785e+00
3.119300000000000139e+01,4.306000000000000050e+00,2.742439651489257812e+01,4.125703334808349609e+00,nan,nan,5.296164784264760783e+00,3.502159847466002507e+00,1.794031639679617207e+00
2.846199999999999974e+01,3.997100000000000097e+00,2.743552589416503906e+01,4.133719444274902344e+00,nan,nan,5.253693613839345744e+00,3.461193932739745183e+00,1.792502184494680684e+00
2.530699999999999861e+01,3.301899999999999835e+00,2.736344337463378906e+01,4.095973491668701172e+00,nan,nan,5.317611012292104533e+00,3.471294595448027653e+00,1.846343119724935811e+00
2.536699999999999733e+01,3.398499999999999854e+00,2.718779754638671875e+01,4.002936840057373047e+00,nan,nan,5.293167028260427287e+00,3.468954695908080144e+00,1.824237425907797139e+00
2.700600000000000023e+01,3.630199999999999871e+00,2.707354164123535156e+01,3.935503482818603516e+00,nan,nan,5.260302457642751506e+00,3.458879067150603337e+00,1.801416178330129902e+00
2.755199999999999960e+01,3.746100000000000207e+00,2.709863471984863281e+01,3.946681976318359375e+00,nan,nan,5.256266627145009807e+00,3.459417833534728093e+00,1.796843488796896260e+00
2.755199999999999960e+01,3.726799999999999891e+00,2.711830329895019531e+01,3.959224939346313477e+00,nan,nan,5.257152113747793010e+00,3.459317459312926335e+00,1.797827084644979756e+00
2.925099999999999767e+01,4.151600000000000179e+00,2.746897506713867188e+01,4.155915737152099609e+00,nan,nan,5.258039984536367228e+00,3.467790080753813786e+00,1.790253837689108174e+00
2.894800000000000040e+01,4.518500000000000405e+00,2.746896362304687500e+01,4.155931472778320312e+00,nan,nan,5.266446623635488322e+00,3.464708461014281315e+00,1.801742275341696065e+00
2.670199999999999818e+01,3.997100000000000097e+00,2.746462059020996094e+01,4.154546737670898438e+00,nan,nan,5.251883897614675334e+00,3.459660424438963933e+00,1.792226930245107930e+00
2.567099999999999937e+01,3.572299999999999809e+00,2.746813201904296875e+01,4.155519962310791016e+00,nan,nan,5.287466440034108928e+00,3.467802299705992741e+00,1.819668908699697774e+00
2.585300000000000153e+01,3.649500000000000188e+00,2.746941947937011719e+01,4.155686855316162109e+00,nan,nan,5.278143915963369182e+00,3.465907706467162175e+00,1.812239368542379658e+00
2.609600000000000009e+01,3.649500000000000188e+00,2.746273803710937500e+01,4.151412010192871094e+00,nan,nan,5.275427374673085978e+00,3.463575972763548894e+00,1.811853309258169453e+00
2.591400000000000148e+01,3.552999999999999936e+00,2.746223831176757812e+01,4.150931835174560547e+00,nan,nan,5.286357436013418010e+00,3.465235127655516667e+00,1.821124215706533711e+00
3.228600000000000136e+01,4.595699999999999896e+00,2.746892166137695312e+01,4.155815601348876953e+00,nan,nan,5.337397012543874553e+00,3.530209554878722233e+00,1.807191808804220479e+00
2.730900000000000105e+01,3.514400000000000190e+00,2.746899795532226562e+01,4.155987262725830078e+00,nan,nan,5.284223708939748576e+00,3.457970573154936833e+00,1.826256831272787373e+00
2.233300000000000196e+01,2.973700000000000010e+00,2.746890258789062500e+01,4.155883312225341797e+00,nan,nan,5.452780518365102580e+00,3.540097369400511784e+00,1.912703712567037861e+00
2.494300000000000139e+01,3.108900000000000219e+00,2.746083831787109375e+01,4.148696422576904297e+00,nan,nan,5.363188538384633830e+00,3.477661980835448308e+00,1.885569413288778584e+00
2.852300000000000324e+01,3.803999999999999826e+00,2.745984840393066406e+01,4.149330139160156250e+00,nan,nan,5.262386593651967814e+00,3.461390210834990544e+00,1.800996442421621602e+00
2.979800000000000182e+01,4.132299999999999862e+00,2.745108985900878906e+01,4.145444869995117188e+00,nan,nan,5.265298042130666545e+00,3.474992706028471989e+00,1.790309270008749287e+00
2.797699999999999676e+01,4.113000000000000433e+00,2.742157936096191406e+01,4.129518032073974609e+00,nan,nan,5.249323520493703654e+00,3.458807362762938542e+00,1.790520687683767598e+00
2.682400000000000162e+01,3.842600000000000016e+00,2.741714096069335938e+01,4.126647472381591797e+00,nan,nan,5.256516609025197795e+00,3.458922757355223698e+00,1.797597845181173604e+00
2.500300000000000011e+01,3.630199999999999871e+00,2.746150207519531250e+01,4.149745941162109375e+00,nan,nan,5.291272673440175822e+00,3.476744367329131169e+00,1.814551730736440938e+00
2.785599999999999810e+01,3.726799999999999891e+00,2.747133255004882812e+01,4.157322883605957031e+00,nan,nan,5.264552388024526408e+00,3.458283199516783757e+00,1.806272407158560078e+00
2.882699999999999818e+01,4.190199999999999925e+00,2.746877479553222656e+01,4.155899524688720703e+00,nan,nan,5.253301892113881877e+00,3.463443888870726628e+00,1.789860327824301045e+00
2.755199999999999960e+01,3.958499999999999908e+00,2.744577980041503906e+01,4.147498607635498047e+00,nan,nan,5.250309858155446818e+00,3.457566394058714909e+00,1.792744715794271748e+00
2.651999999999999957e+01,3.688099999999999934e+00,2.745675086975097656e+01,4.150547027587890625e+00,nan,nan,5.268383416962819865e+00,3.460129155365477605e+00,1.808257241829580586e+00
2.621699999999999875e+01,3.591600000000000126e+00,2.744587898254394531e+01,4.145228862762451172e+00,nan,nan,5.278672966790395549e+00,3.462151123730193181e+00,1.816527565106100361e+00
2.658099999999999952e+01,3.533700000000000063e+00,2.745086669921875000e+01,4.147919178009033203e+00,nan,nan,5.282435927224355510e+00,3.459785594192992253e+00,1.822654028519338887e+00
2.706699999999999662e+01,3.610899999999999999e+00,2.744783020019531250e+01,4.145937919616699219e+00,nan,nan,5.272669825387197307e+00,3.457900597301970524e+00,1.814771254643148701e+00
2.846199999999999974e+01,3.591600000000000126e+00,2.746957206726074219e+01,4.156272411346435547e+00,nan,nan,5.278865609002309611e+00,3.460908605305205388e+00,1.817959745510763447e+00
2.670199999999999818e+01,3.707500000000000018e+00,2.736710929870605469e+01,4.093683719635009766e+00,nan,nan,5.264074001145559123e+00,3.459501637665282292e+00,1.804577131851858418e+00
2.500300000000000011e+01,3.359900000000000109e+00,2.718968200683593750e+01,3.982960224151611328e+00,nan,nan,5.300718102288442424e+00,3.473524941650877995e+00,1.827246804817861836e+00
2.615599999999999881e+01,3.456399999999999917e+00,2.678549575805664062e+01,3.759366273880004883e+00,nan,nan,5.263358149361806682e+00,3.460659219471465153e+00,1.802700896843618672e+00
2.718800000000000239e+01,3.707500000000000018e+00,2.681619453430175781e+01,3.775817632675170898e+00,nan,nan,5.255102310013967326e+00,3.459813429562102360e+00,1.795295854195303242e+00
2.785599999999999810e+01,3.881200000000000205e+00,2.677733039855957031e+01,3.762028932571411133e+00,nan,nan,5.258802327943044475e+00,3.463052763191710515e+00,1.795785625561422627e+00
2.755199999999999960e+01,3.842600000000000016e+00,2.667679405212402344e+01,3.710063219070434570e+00,nan,nan,5.258236203026967814e+00,3.461932076660643620e+00,1.796339829548544209e+00
2.682400000000000162e+01,3.803999999999999826e+00,2.673914146423339844e+01,3.744514465332031250e+00,nan,nan,5.254319343400197795e+00,3.459526075569640202e+00,1.794809778317159932e+00
2.500300000000000011e+01,3.398499999999999854e+00,2.745588684082031250e+01,4.143655300140380859e+00,nan,nan,5.317374024224477580e+00,3.476718558517943425e+00,1.840717275723165791e+00
2.864400000000000190e+01,3.900500000000000078e+00,2.746632575988769531e+01,4.153471946716308594e+00,nan,nan,5.258340511155324748e+00,3.462220980373869939e+00,1.796122212990469258e+00
2.858399999999999963e+01,3.958499999999999908e+00,2.747102165222167969e+01,4.157171726226806641e+00,nan,nan,5.255377921891408732e+00,3.461734785286437077e+00,1.793646593674368184e+00
2.676300000000000168e+01,3.726799999999999891e+00,2.747029685974121094e+01,4.149944782257080078e+00,nan,nan,5.265046152901845744e+00,3.459380759445677800e+00,1.805667360409445088e+00
2.585300000000000153e+01,3.649500000000000188e+00,2.731097221374511719e+01,4.036406517028808594e+00,nan,nan,5.269550833535390666e+00,3.464929177013884587e+00,1.804624279125875752e+00
2.603500000000000014e+01,3.688099999999999934e+00,2.706561088562011719e+01,3.893029928207397461e+00,nan,nan,5.259218964410024455e+00,3.462182296959410710e+00,1.797042091473287861e+00
2.633800000000000097e+01,3.630199999999999871e+00,2.701698112487792969e+01,3.872881412506103516e+00,nan,nan,5.258819494080739787e+00,3.460387779919158024e+00,1.798432608231252949e+00
2.670199999999999818e+01,3.707500000000000018e+00,2.717286872863769531e+01,3.967000961303710938e+00,nan,nan,5.257209691834646037e+00,3.459368480888854069e+00,1.797838528736776631e+00
2.749099999999999966e+01,4.479800000000000004e+00,2.746898460388183594e+01,4.155968189239501953e+00,nan,nan,5.257293376755910685e+00,3.457892491070281071e+00,1.799404938801473897e+00
2.834099999999999753e+01,3.610899999999999999e+00,2.746897888183593750e+01,4.155964374542236328e+00,nan,nan,5.276495370698171428e+00,3.460261239258299870e+00,1.816237528904623311e+00
2.912999999999999901e+01,3.340599999999999792e+00,2.746896934509277344e+01,4.155954837799072266e+00,nan,nan,5.314945254159169963e+00,3.466494216171752019e+00,1.848453779801077168e+00
2.658099999999999952e+01,3.321299999999999919e+00,2.727248001098632812e+01,3.981219768524169922e+00,nan,nan,5.292657766175466350e+00,3.460050715652953190e+00,1.832599778755850117e+00
2.579199999999999804e+01,3.205400000000000027e+00,2.699510955810546875e+01,3.790599107742309570e+00,nan,nan,5.290898237061696818e+00,3.464047505108367009e+00,1.826866407974905293e+00
2.573099999999999810e+01,3.437100000000000044e+00,2.678699111938476562e+01,3.667918682098388672e+00,nan,nan,5.266666803193288615e+00,3.463743283001433415e+00,1.802940149887747090e+00
2.664199999999999946e+01,3.610899999999999999e+00,2.629750633239746094e+01,3.383748292922973633e+00,nan,nan,5.265561375451284221e+00,3.461780025211821599e+00,1.803851385697073262e+00
2.718800000000000239e+01,3.610899999999999999e+00,2.623582267761230469e+01,3.349790334701538086e+00,nan,nan,5.269069704842763713e+00,3.464194609371672673e+00,1.804969986065573018e+00
2.973699999999999832e+01,3.050899999999999945e+00,2.746904754638671875e+01,4.155892372131347656e+00,nan,nan,5.371117386651235392e+00,3.473946227280150456e+00,1.897173185929006856e+00
2.718800000000000239e+01,3.668800000000000061e+00,2.746898651123046875e+01,4.155965805053710938e+00,nan,nan,5.269149813485341838e+00,3.458138479439269108e+00,1.811015267952627461e+00
2.506400000000000006e+01,3.649500000000000188e+00,2.746895027160644531e+01,4.155910968780517578e+00,nan,nan,5.288609895539480021e+00,3.475914432255278630e+00,1.812699576004690449e+00
2.536699999999999733e+01,3.301899999999999835e+00,2.746720695495605469e+01,4.155575275421142578e+00,nan,nan,5.325538787675100139e+00,3.471616341320525212e+00,1.853926320656484883e+00
2.670199999999999818e+01,3.765400000000000080e+00,2.744583320617675781e+01,4.141547203063964844e+00,nan,nan,5.262362155747609904e+00,3.459588779655943913e+00,1.802777846440023701e+00
2.761300000000000310e+01,3.900500000000000078e+00,2.744725036621093750e+01,4.143333911895751953e+00,nan,nan,5.253388795685964396e+00,3.457881941048155827e+00,1.795509358032888692e+00
2.688500000000000156e+01,3.746100000000000207e+00,2.744747352600097656e+01,4.144120216369628906e+00,nan,nan,5.262714896035390666e+00,3.458725764004241032e+00,1.803992529495901387e+00
2.633800000000000097e+01,3.591600000000000126e+00,2.745082092285156250e+01,4.145783901214599609e+00,nan,nan,5.278595123124318889e+00,3.461604608742247624e+00,1.816996236427969258e+00
2.603500000000000014e+01,3.147499999999999964e+00,2.746875381469726562e+01,4.155828475952148438e+00,nan,nan,5.343588981461721232e+00,3.464314593521605534e+00,1.879278381451315205e+00
2.730900000000000105e+01,3.784699999999999953e+00,2.746388244628906250e+01,4.151040077209472656e+00,nan,nan,5.260036978554921916e+00,3.457956923691283269e+00,1.802083750351614277e+00
2.476000000000000156e+01,3.398499999999999854e+00,2.744083595275878906e+01,4.131412029266357422e+00,nan,nan,5.318635854554372600e+00,3.480333162991057439e+00,1.838341374977773945e+00
2.615599999999999881e+01,3.379199999999999982e+00,2.711342430114746094e+01,3.902926206588745117e+00,nan,nan,5.279055270981984904e+00,3.461359216419707341e+00,1.817703922375387471e+00
2.749099999999999966e+01,3.939200000000000035e+00,2.715779685974121094e+01,3.943029880523681641e+00,nan,nan,5.251618418526845744e+00,3.458883120266448064e+00,1.792744298561758320e+00
2.840199999999999747e+01,4.132299999999999862e+00,2.701136779785156250e+01,3.859885692596435547e+00,nan,nan,5.263857397866445353e+00,3.464836193768034978e+00,1.799061198815054219e+00
2.749099999999999966e+01,3.977799999999999780e+00,2.686309432983398438e+01,3.777519702911376953e+00,nan,nan,5.255964550805288127e+00,3.460061146465788884e+00,1.795922835453695576e+00
2.658099999999999952e+01,3.707500000000000018e+00,2.672971916198730469e+01,3.705035924911499023e+00,nan,nan,5.251882824731069377e+00,3.459028913227568669e+00,1.792858203037924092e+00
2.445699999999999719e+01,2.973700000000000010e+00,2.690589904785156250e+01,3.796270132064819336e+00,nan,nan,5.329205427003103068e+00,3.477629555908690495e+00,1.851623793228811543e+00
2.639900000000000091e+01,3.572299999999999809e+00,2.693454360961914062e+01,3.797399520874023438e+00,nan,nan,5.257168207001882365e+00,3.459725453106413884e+00,1.797441919430441182e+00
2.730900000000000105e+01,3.765400000000000080e+00,2.706568908691406250e+01,3.866800308227539062e+00,nan,nan,5.252826127839284709e+00,3.458762182442198796e+00,1.794064958676046651e+00
2.749099999999999966e+01,3.707500000000000018e+00,2.711245346069335938e+01,3.896019697189331055e+00,nan,nan,5.254909190964895060e+00,3.458946539608489079e+00,1.795956869705862324e+00
2.646000000000000085e+01,3.726799999999999891e+00,2.747363662719726562e+01,4.153199672698974609e+00,nan,nan,5.266740712952810100e+00,3.460935188976775212e+00,1.805807550533956807e+00
2.360699999999999932e+01,2.568200000000000038e+00,2.746896743774414062e+01,4.155149459838867188e+00,nan,nan,5.515011462998586467e+00,3.504356755463133855e+00,2.010660131558126729e+00
2.560999999999999943e+01,3.398499999999999854e+00,2.746500015258789062e+01,4.154039859771728516e+00,nan,nan,5.309019718003469279e+00,3.468635155407439274e+00,1.840399284943289082e+00
2.633800000000000097e+01,3.572299999999999809e+00,2.740046119689941406e+01,4.125298500061035156e+00,nan,nan,5.279527101350026896e+00,3.461642994133482976e+00,1.817897577866262715e+00
2.548900000000000077e+01,3.552999999999999936e+00,2.706995010375976562e+01,4.006949901580810547e+00,nan,nan,5.277784499955373576e+00,3.467100395409117741e+00,1.810709615334219258e+00
2.706699999999999662e+01,3.630199999999999871e+00,2.670328712463378906e+01,3.895247459411621094e+00,nan,nan,5.261137280297475627e+00,3.460987223831664128e+00,1.800138314350790303e+00
2.651999999999999957e+01,3.765400000000000080e+00,2.685015869140625000e+01,3.940263271331787109e+00,nan,nan,5.256580385995107463e+00,3.460407330242644353e+00,1.796179493054098408e+00
2.700600000000000023e+01,3.823300000000000143e+00,2.678483772277832031e+01,3.919048070907592773e+00,nan,nan,5.254947576356130412e+00,3.460416390148650212e+00,1.794541438206381123e+00
2.621699999999999875e+01,3.765400000000000080e+00,2.670218086242675781e+01,3.884395599365234375e+00,nan,nan,5.256766114068227580e+00,3.461274100986968083e+00,1.795504112824148457e+00
2.506400000000000006e+01,4.113000000000000433e+00,2.746898460388183594e+01,4.155966281890869141e+00,nan,nan,5.266299638581472209e+00,3.475915505138884587e+00,1.790388305767721455e+00
3.052599999999999980e+01,3.842600000000000016e+00,2.746898460388183594e+01,4.155968189239501953e+00,nan,nan,5.285839829278188517e+00,3.487017466274748845e+00,1.798825343235677998e+00
3.180000000000000071e+01,3.861899999999999888e+00,2.746897506713867188e+01,4.155961036682128906e+00,nan,nan,5.314150843453603557e+00,3.516351951805602116e+00,1.797801454647726338e+00
2.949399999999999977e+01,3.746100000000000207e+00,2.746899986267089844e+01,4.155918121337890625e+00,nan,nan,5.275654110741811564e+00,3.470678521839629216e+00,1.804979105576223652e+00
2.542800000000000082e+01,3.263300000000000090e+00,2.742874717712402344e+01,4.109392642974853516e+00,nan,nan,5.325083765816884807e+00,3.470466388908873601e+00,1.854639609440511983e+00
2.494300000000000139e+01,3.050899999999999945e+00,2.738980102539062500e+01,4.075521945953369141e+00,nan,nan,5.360988054108815959e+00,3.476756526676665349e+00,1.884277661427206318e+00
2.585300000000000153e+01,3.282599999999999962e+00,2.728101158142089844e+01,3.988090991973876953e+00,nan,nan,5.302227530312734416e+00,3.464830888954649968e+00,1.837411006077474873e+00
2.718800000000000239e+01,3.398499999999999854e+00,2.719905281066894531e+01,3.927069187164306641e+00,nan,nan,5.277863535714345744e+00,3.458750917164336247e+00,1.819084842785543721e+00
2.627800000000000225e+01,1.428900000000000059e+00,2.746898460388183594e+01,4.155967235565185547e+00,nan,nan,5.903533253503042033e+00,3.462311341015349431e+00,2.441221912487692158e+00
3.155699999999999861e+01,4.383300000000000196e+00,2.746898460388183594e+01,4.155967712402343750e+00,nan,nan,5.304723057580190471e+00,3.509975864140044255e+00,1.794750829323477070e+00
2.591400000000000148e+01,3.552999999999999936e+00,2.746898651123046875e+01,4.155965328216552734e+00,nan,nan,5.287486467194753459e+00,3.465427412239562077e+00,1.822063286884969990e+00
2.215099999999999980e+01,2.993000000000000327e+00,2.746870422363281250e+01,4.155529975891113281e+00,nan,nan,5.454688224625783732e+00,3.546051456181059880e+00,1.908643384560293477e+00
2.603500000000000014e+01,3.630199999999999871e+00,2.740335273742675781e+01,4.120616912841796875e+00,nan,nan,5.276376638245778850e+00,3.463965369907866521e+00,1.812426646336263936e+00
2.925099999999999767e+01,4.074300000000000033e+00,2.737258529663085938e+01,4.117305755615234375e+00,nan,nan,5.260333332848745158e+00,3.469185842720519108e+00,1.791154583080953877e+00
2.888699999999999690e+01,4.286699999999999733e+00,2.738577461242675781e+01,4.129653930664062500e+00,nan,nan,5.257826361489492228e+00,3.465154959408293767e+00,1.792684753521627705e+00
2.664199999999999946e+01,3.803999999999999826e+00,2.731562042236328125e+01,4.106515407562255859e+00,nan,nan,5.258705053162771037e+00,3.459791554657469792e+00,1.798917492016500752e+00
2.530699999999999861e+01,3.417800000000000171e+00,2.744673728942871094e+01,4.147822856903076172e+00,nan,nan,5.309224638772207072e+00,3.472235991207610173e+00,1.836998005493826192e+00
2.651999999999999957e+01,3.379199999999999982e+00,2.746721839904785156e+01,4.156328201293945312e+00,nan,nan,5.303708348107534221e+00,3.460682226864348454e+00,1.843029935940450947e+00
2.840199999999999747e+01,4.054999999999999716e+00,2.743907165527343750e+01,4.142055988311767578e+00,nan,nan,5.252079520058828166e+00,3.460860444752226872e+00,1.791223128422445576e+00
2.730900000000000105e+01,3.939200000000000035e+00,2.722746086120605469e+01,4.053581714630126953e+00,nan,nan,5.252206477952199748e+00,3.458697272984038396e+00,1.793516595944113057e+00
2.597400000000000020e+01,3.688099999999999934e+00,2.707739257812500000e+01,4.027919292449951172e+00,nan,nan,5.264972958398061564e+00,3.462900175301085515e+00,1.802084465607351582e+00
2.567099999999999937e+01,3.630199999999999871e+00,2.721355628967285156e+01,4.092294216156005859e+00,nan,nan,5.275350246262746623e+00,3.465977682320128483e+00,1.809383888825125020e+00
2.609600000000000009e+01,3.437100000000000044e+00,2.714913749694824219e+01,4.080034732818603516e+00,nan,nan,5.289165649247365764e+00,3.462219847885619206e+00,1.826951463802999776e+00
2.658099999999999952e+01,3.495000000000000107e+00,2.714183616638183594e+01,4.075877666473388672e+00,nan,nan,5.280134353470998576e+00,3.459761394707213444e+00,1.820370872601217549e+00
3.119300000000000139e+01,4.344699999999999562e+00,2.735128021240234375e+01,4.100798606872558594e+00,nan,nan,5.300948057007985881e+00,3.504205300060759587e+00,1.796801169499105733e+00
2.785599999999999810e+01,4.035700000000000287e+00,2.746895408630371094e+01,4.155955791473388672e+00,nan,nan,5.249791059327321818e+00,3.458353473392973942e+00,1.791441341026968281e+00
2.494300000000000139e+01,3.301899999999999835e+00,2.746599006652832031e+01,4.150714874267578125e+00,nan,nan,5.331409725976186564e+00,3.477718128410826726e+00,1.853705783470815938e+00
2.427499999999999858e+01,2.915799999999999947e+00,2.744728279113769531e+01,4.133249759674072266e+00,nan,nan,5.410353097748952678e+00,3.489280475822936101e+00,1.921151121243185322e+00
2.646000000000000085e+01,3.417800000000000171e+00,2.743694877624511719e+01,4.124395370483398438e+00,nan,nan,5.295833740067678264e+00,3.460865868774901433e+00,1.834977348431295674e+00
2.737000000000000099e+01,3.630199999999999871e+00,2.745303535461425781e+01,4.134256362915039062e+00,nan,nan,5.270544085335927775e+00,3.457809461800108952e+00,1.812734444721884053e+00
2.791600000000000037e+01,3.726799999999999891e+00,2.744664382934570312e+01,4.125431537628173828e+00,nan,nan,5.262968811822133830e+00,3.458471490589629216e+00,1.804495473488516133e+00
2.700600000000000023e+01,3.649500000000000188e+00,2.744181632995605469e+01,4.119958400726318359e+00,nan,nan,5.268405470681386760e+00,3.458388282505522771e+00,1.810016592129415791e+00
1.935900000000000176e+01,3.128200000000000092e+00,2.746897888183593750e+01,4.155959129333496094e+00,nan,nan,5.545563373398977092e+00,3.662866665569792790e+00,1.882702906712240498e+00
2.937300000000000111e+01,3.668800000000000061e+00,2.746896553039550781e+01,4.155962944030761719e+00,nan,nan,5.280202779603200725e+00,3.469191087929259343e+00,1.811014850720114033e+00
3.726200000000000045e+01,5.097699999999999676e+00,2.746896553039550781e+01,4.155962467193603516e+00,nan,nan,5.624652657342153361e+00,3.756780101505766911e+00,1.867877383812612813e+00
3.325699999999999790e+01,4.615000000000000213e+00,2.746889686584472656e+01,4.155471801757812500e+00,nan,nan,5.371201309991079142e+00,3.562320603577147526e+00,1.808885713204092305e+00
2.615599999999999881e+01,3.533700000000000063e+00,2.744876289367675781e+01,4.130158901214599609e+00,nan,nan,5.285841021371084025e+00,3.463141931740294499e+00,1.822708447560018818e+00
2.348600000000000065e+01,2.973700000000000010e+00,2.740571594238281250e+01,4.090321540832519531e+00,nan,nan,5.406877789330678752e+00,3.505919410435210271e+00,1.901037951096243184e+00
2.427499999999999858e+01,3.147499999999999964e+00,2.734346008300781250e+01,4.038394451141357422e+00,nan,nan,5.349733624291616252e+00,3.487586273399840398e+00,1.862209041699117940e+00
2.658099999999999952e+01,3.803999999999999826e+00,2.733308029174804688e+01,4.030093193054199219e+00,nan,nan,5.257656249833303264e+00,3.460051311699400944e+00,1.797610183342642109e+00
2.573099999999999810e+01,4.344699999999999562e+00,2.746057510375976562e+01,4.144631385803222656e+00,nan,nan,5.261475596261220744e+00,3.467214180675993962e+00,1.794265707119650166e+00
2.737000000000000099e+01,4.035700000000000287e+00,2.746800422668457031e+01,4.153904914855957031e+00,nan,nan,5.249677214455800822e+00,3.457920445648680730e+00,1.791761477574056904e+00
2.773400000000000176e+01,3.842600000000000016e+00,2.746667289733886719e+01,4.152075767517089844e+00,nan,nan,5.257288727593618205e+00,3.458117260185729069e+00,1.799175997360891621e+00
2.615599999999999881e+01,3.803999999999999826e+00,2.744465637207031250e+01,4.128546237945556641e+00,nan,nan,5.264319095444875529e+00,3.463138772694121403e+00,1.801191945656484883e+00
2.445699999999999719e+01,3.514400000000000190e+00,2.731615638732910156e+01,4.023217678070068359e+00,nan,nan,5.301097664666372111e+00,3.483913971630583806e+00,1.817251940354055684e+00
2.439600000000000080e+01,3.842600000000000016e+00,2.729130363464355469e+01,4.004233837127685547e+00,nan,nan,5.281959209275441935e+00,3.484654022900115056e+00,1.797336598023123067e+00
2.476000000000000156e+01,3.726799999999999891e+00,2.728729820251464844e+01,4.000564575195312500e+00,nan,nan,5.280018005204397014e+00,3.478448523727904362e+00,1.801608820542043965e+00
2.512500000000000000e+01,3.668800000000000061e+00,2.728466033935546875e+01,3.998608112335205078e+00,nan,nan,5.277660283875661662e+00,3.473094238487731023e+00,1.804604073151296895e+00
2.579199999999999804e+01,2.066100000000000048e+00,2.746937751770019531e+01,4.155441284179687500e+00,nan,nan,5.639286074471669963e+00,3.466853274551878972e+00,2.172433693989462178e+00
2.682400000000000162e+01,3.552999999999999936e+00,2.746900749206542969e+01,4.155975818634033203e+00,nan,nan,5.281359467339711955e+00,3.459221257416258855e+00,1.822142441853231709e+00
2.536699999999999733e+01,3.823300000000000143e+00,2.746898078918457031e+01,4.155951023101806641e+00,nan,nan,5.271577153039174846e+00,3.471660091129790349e+00,1.799921293839163106e+00
2.348600000000000065e+01,3.495000000000000107e+00,2.746848869323730469e+01,4.155447483062744141e+00,nan,nan,5.335818443131643107e+00,3.507317079750548405e+00,1.828508635147756856e+00
2.530699999999999861e+01,3.591600000000000126e+00,2.746773338317871094e+01,4.155523777008056641e+00,nan,nan,5.290333304238515666e+00,3.472405804840575261e+00,1.817931969746298115e+00
2.591400000000000148e+01,3.900500000000000078e+00,2.746644210815429688e+01,4.151928424835205078e+00,nan,nan,5.261089835000234416e+00,3.465354873386870427e+00,1.795739312752432149e+00
2.615599999999999881e+01,3.958499999999999908e+00,2.745818519592285156e+01,4.144905567169189453e+00,nan,nan,5.256556305718618205e+00,3.463136567322264714e+00,1.793424566372579854e+00
2.524599999999999866e+01,3.688099999999999934e+00,2.745523834228515625e+01,4.142837524414062500e+00,nan,nan,5.281553301644521525e+00,3.473065211025725407e+00,1.808495600804037373e+00
4.163199999999999790e+01,5.696299999999999919e+00,2.746892356872558594e+01,4.155927658081054688e+00,nan,nan,6.080948147607045939e+00,4.083042694775114612e+00,1.997919638737386983e+00
3.101099999999999923e+01,4.190199999999999925e+00,2.746897506713867188e+01,4.155971050262451172e+00,nan,nan,5.287314925027089885e+00,3.496992065159331364e+00,1.790326257332510274e+00
1.893400000000000105e+01,2.297800000000000065e+00,2.746847534179687500e+01,4.155573368072509766e+00,nan,nan,5.777242216897207072e+00,3.684887363163481755e+00,2.092375834568685811e+00
2.457800000000000296e+01,3.243999999999999773e+00,2.729952049255371094e+01,4.001836299896240234e+00,nan,nan,5.325379643273549846e+00,3.481486155239592595e+00,1.843954463585562031e+00
2.633800000000000097e+01,3.301899999999999835e+00,2.730233764648437500e+01,4.005171298980712891e+00,nan,nan,5.298202309441762736e+00,3.461301042286406560e+00,1.836900730713552754e+00
4.132800000000000296e+01,4.267400000000000304e+00,2.746898460388183594e+01,4.155967235565185547e+00,nan,nan,5.847804341149526408e+00,4.056488706318388537e+00,1.791314263924307149e+00
3.750500000000000256e+01,4.750200000000000422e+00,2.746898460388183594e+01,4.155967235565185547e+00,nan,nan,5.592924866509633830e+00,3.771794749943266911e+00,1.821133454426473897e+00
2.130099999999999838e+01,2.626100000000000101e+00,2.746898460388183594e+01,4.155967235565185547e+00,nan,nan,5.571555170846181682e+00,3.576452864853392644e+00,1.995108922108358662e+00
1.802400000000000091e+01,2.046800000000000175e+00,2.746880340576171875e+01,4.155667781829833984e+00,nan,nan,5.915447983575063517e+00,3.735903813091765446e+00,2.179556449040121358e+00
2.560999999999999943e+01,3.282599999999999962e+00,2.740222549438476562e+01,4.122563838958740234e+00,nan,nan,5.321050677132802775e+00,3.468158258644591374e+00,1.852920194252676289e+00
3.070800000000000196e+01,4.383300000000000196e+00,2.741859436035156250e+01,4.140929222106933594e+00,nan,nan,5.287195596528249553e+00,3.491734160629759831e+00,1.795479078873342793e+00
3.046499999999999986e+01,4.518500000000000405e+00,2.743704032897949219e+01,4.151481151580810547e+00,nan,nan,5.288332972359853557e+00,3.486503555027495427e+00,1.801838894470876973e+00
2.749099999999999966e+01,3.842600000000000016e+00,2.740595054626464844e+01,4.142045974731445312e+00,nan,nan,5.256037030053335002e+00,3.458034052101622624e+00,1.798004527672476094e+00
2.184699999999999775e+01,3.263300000000000090e+00,2.746888732910156250e+01,4.155894756317138672e+00,nan,nan,5.416428360772329142e+00,3.556403233257781071e+00,1.860030730351156514e+00
2.906900000000000261e+01,3.437100000000000044e+00,2.746899032592773438e+01,4.155989646911621094e+00,nan,nan,5.301340851617055705e+00,3.465870453564177556e+00,1.835473139866537373e+00
3.113300000000000267e+01,4.499100000000000321e+00,2.746897697448730469e+01,4.155977249145507812e+00,nan,nan,5.300299320054250529e+00,3.499739124027739567e+00,1.800564189537710469e+00
2.852300000000000324e+01,3.881200000000000205e+00,2.746892166137695312e+01,4.155913352966308594e+00,nan,nan,5.258237395119863322e+00,3.461363567558775944e+00,1.796877642258352559e+00
2.548900000000000077e+01,3.456399999999999917e+00,2.746280097961425781e+01,4.152761936187744141e+00,nan,nan,5.302694353890615275e+00,3.470021499840270085e+00,1.832682331188864033e+00
2.554899999999999949e+01,3.205400000000000027e+00,2.744780540466308594e+01,4.143470287322998047e+00,nan,nan,5.336688194108205607e+00,3.469140125957976384e+00,1.867569645031637471e+00
2.591400000000000148e+01,3.186100000000000154e+00,2.743485260009765625e+01,4.135468006134033203e+00,nan,nan,5.334758553338247111e+00,3.465131653992186589e+00,1.869649549111074727e+00
2.718800000000000239e+01,3.572299999999999809e+00,2.743044281005859375e+01,4.134335517883300781e+00,nan,nan,5.276385698151784709e+00,3.458102120605956120e+00,1.818285544499105733e+00
3.076900000000000190e+01,5.619100000000000428e+00,2.746898078918457031e+01,4.155956745147705078e+00,nan,nan,5.469443354439931682e+00,3.491831793037901921e+00,1.977616150959677022e+00
2.949399999999999977e+01,3.919900000000000162e+00,2.746898269653320312e+01,4.155966281890869141e+00,nan,nan,5.265774402451711467e+00,3.470671846119414372e+00,1.795106013401693623e+00
2.767300000000000182e+01,2.741999999999999993e+00,2.746898460388183594e+01,4.155963897705078125e+00,nan,nan,5.423265967202382853e+00,3.458021594730864567e+00,1.965246756657308858e+00
2.542800000000000082e+01,2.394400000000000084e+00,2.746857833862304688e+01,4.154958248138427734e+00,nan,nan,5.532503161263662150e+00,3.470865084377776189e+00,2.061641891583151143e+00
2.585300000000000153e+01,2.799900000000000055e+00,2.745746994018554688e+01,4.140316009521484375e+00,nan,nan,5.414111766648488810e+00,3.465926124302397771e+00,1.948197920902914326e+00
2.712699999999999889e+01,2.973700000000000010e+00,2.744002914428710938e+01,4.121736526489257812e+00,nan,nan,5.365217480492788127e+00,3.458256913868437810e+00,1.906953294857687276e+00
2.712699999999999889e+01,2.993000000000000327e+00,2.741901397705078125e+01,4.101692676544189453e+00,nan,nan,5.357999834847646525e+00,3.458283557144652409e+00,1.899702866657919209e+00
2.724900000000000233e+01,3.031600000000000072e+00,2.739900779724121094e+01,4.083543777465820312e+00,nan,nan,5.347542080712514689e+00,3.458152128902922673e+00,1.889367600067800801e+00
1.608200000000000074e+01,1.177900000000000169e+00,2.745470809936523438e+01,4.137113571166992188e+00,nan,nan,6.416790518593984416e+00,3.860980464664946599e+00,2.556190689190573018e+00
2.548900000000000077e+01,2.278500000000000192e+00,2.746636581420898438e+01,4.151432991027832031e+00,nan,nan,5.567617449593740275e+00,3.470082892624388737e+00,2.097546537502950947e+00
3.404599999999999937e+01,4.866000000000000547e+00,2.746264648437500000e+01,4.147591590881347656e+00,nan,nan,5.428974184823232463e+00,3.592972530571471257e+00,1.836042960270590108e+00
3.137500000000000000e+01,4.711599999999999788e+00,2.739724731445312500e+01,4.096567153930664062e+00,nan,nan,5.332124385667043498e+00,3.507406367508421940e+00,1.824806829079336445e+00
2.791600000000000037e+01,3.919900000000000162e+00,2.680508995056152344e+01,3.762968301773071289e+00,nan,nan,5.262467059922414592e+00,3.464526786057005925e+00,1.798002441509908955e+00
2.567099999999999937e+01,3.514400000000000190e+00,2.641529846191406250e+01,3.553276777267456055e+00,nan,nan,5.261825117898183635e+00,3.463782979694853825e+00,1.798059840782827656e+00
2.573099999999999810e+01,3.417800000000000171e+00,2.612534904479980469e+01,3.395198106765747070e+00,nan,nan,5.262288603615957072e+00,3.463251246658812565e+00,1.799063284977621358e+00
2.621699999999999875e+01,3.514400000000000190e+00,2.620794677734375000e+01,3.434705495834350586e+00,nan,nan,5.261685762238698771e+00,3.462475492207060856e+00,1.799248536213583272e+00
2.882699999999999818e+01,2.394400000000000084e+00,2.746886634826660156e+01,4.155144214630126953e+00,nan,nan,5.525429043603139689e+00,3.463716639725218815e+00,2.061712225063986104e+00
2.821999999999999886e+01,3.842600000000000016e+00,2.746905517578125000e+01,4.156023502349853516e+00,nan,nan,5.258808169198232463e+00,3.459769322124968571e+00,1.799043436630911152e+00
2.500300000000000011e+01,3.707500000000000018e+00,2.746865653991699219e+01,4.155613422393798828e+00,nan,nan,5.284825715851980021e+00,3.476898802963744206e+00,1.807931740864462178e+00
2.391099999999999781e+01,3.398499999999999854e+00,2.745002555847167969e+01,4.144976139068603516e+00,nan,nan,5.336421522927480510e+00,3.496975435463439030e+00,1.839480240925497334e+00
2.639900000000000091e+01,3.437100000000000044e+00,2.739618682861328125e+01,4.140523433685302734e+00,nan,nan,5.294370326829152873e+00,3.461040212360869450e+00,1.833333869560903828e+00
2.682400000000000162e+01,3.842600000000000016e+00,2.746812820434570312e+01,4.156209945678710938e+00,nan,nan,5.257314238381582072e+00,3.458932890144835515e+00,1.798383315190023701e+00
2.737000000000000099e+01,3.939200000000000035e+00,2.747003364562988281e+01,4.145846366882324219e+00,nan,nan,5.251305732560354045e+00,3.457611872402678532e+00,1.793695827110952656e+00
2.615599999999999881e+01,3.746100000000000207e+00,2.747226524353027344e+01,4.147693634033203125e+00,nan,nan,5.266898069215017131e+00,3.462952448574553532e+00,1.803946633919424336e+00
3.829400000000000404e+01,5.580499999999999794e+00,2.746965217590332031e+01,4.155856132507324219e+00,nan,nan,5.790706429314809611e+00,3.823017074314604802e+00,1.967692692860311787e+00
2.919099999999999895e+01,4.228799999999999670e+00,2.746594810485839844e+01,4.151434898376464844e+00,nan,nan,5.257893118691640666e+00,3.467140092102538151e+00,1.790757139309591572e+00
2.026999999999999957e+01,2.433000000000000274e+00,2.742644309997558594e+01,4.118373870849609375e+00,nan,nan,5.656841549706655314e+00,3.617554320541869206e+00,2.039498408421224873e+00
1.954100000000000037e+01,2.124099999999999877e+00,2.738173103332519531e+01,4.084836006164550781e+00,nan,nan,5.776630911660390666e+00,3.649592115131865544e+00,2.127531130894369404e+00
2.476000000000000156e+01,3.205400000000000027e+00,2.728053665161132812e+01,4.016102313995361328e+00,nan,nan,5.327494892907338908e+00,3.477973117081175847e+00,1.849568863495535176e+00
2.815900000000000247e+01,3.688099999999999934e+00,2.730050659179687500e+01,4.029242515563964844e+00,nan,nan,5.262293133568960002e+00,3.460417284218321843e+00,1.801861901863760274e+00
2.864400000000000190e+01,3.823300000000000143e+00,2.729985618591308594e+01,4.024517536163330078e+00,nan,nan,5.258619580102163127e+00,3.463697208611022038e+00,1.794915576561636250e+00
2.658099999999999952e+01,3.630199999999999871e+00,2.730968666076660156e+01,4.028974056243896484e+00,nan,nan,5.264711532426076701e+00,3.459680690018187565e+00,1.805027683361715596e+00
1.693200000000000216e+01,2.143400000000000194e+00,2.745985603332519531e+01,4.144731998443603516e+00,nan,nan,5.944137129616933635e+00,3.803297831264983220e+00,2.141008098705953877e+00
2.542800000000000082e+01,3.186100000000000154e+00,2.746083068847656250e+01,4.148078918457031250e+00,nan,nan,5.342535290551381877e+00,3.470775737015257878e+00,1.871783454998678486e+00
3.319599999999999795e+01,4.885299999999999976e+00,2.746913528442382812e+01,4.155943393707275391e+00,nan,nan,5.396733674836355021e+00,3.560079170910368962e+00,1.836658795460409443e+00
3.101099999999999923e+01,4.537799999999999834e+00,2.742411613464355469e+01,4.137495040893554688e+00,nan,nan,5.302577051949697307e+00,3.498051597324858708e+00,1.804561694248861592e+00
2.682400000000000162e+01,3.900500000000000078e+00,2.742547225952148438e+01,4.145415306091308594e+00,nan,nan,5.254210982155996135e+00,3.458980931488524480e+00,1.795232911690420430e+00
2.524599999999999866e+01,3.572299999999999809e+00,2.747030258178710938e+01,4.155505180358886719e+00,nan,nan,5.292576703858571818e+00,3.473063184467803044e+00,1.819513936623281758e+00
2.530699999999999861e+01,3.456399999999999917e+00,2.747194099426269531e+01,4.154541492462158203e+00,nan,nan,5.304586086106496623e+00,3.472192718235503239e+00,1.832392473801321309e+00
2.609600000000000009e+01,3.456399999999999917e+00,2.747252464294433594e+01,4.154572963714599609e+00,nan,nan,5.295861873460012248e+00,3.463484956470976872e+00,1.832376916989034932e+00
3.519899999999999807e+01,6.043899999999999828e+00,2.746879959106445312e+01,4.155712604522705078e+00,nan,nan,5.746446881127553752e+00,3.644128276554595036e+00,2.102330048664755147e+00
2.888699999999999690e+01,4.054999999999999716e+00,2.746897888183593750e+01,4.155967712402343750e+00,nan,nan,5.255282316041189006e+00,3.464158667770873112e+00,1.791127403362936299e+00
2.372899999999999920e+01,2.761299999999999866e+00,2.746900367736816406e+01,4.156008243560791016e+00,nan,nan,5.462014350724416545e+00,3.501488699165831608e+00,1.960531671627706807e+00
2.354699999999999704e+01,2.626100000000000101e+00,2.746048736572265625e+01,4.148195743560791016e+00,nan,nan,5.498738441300588420e+00,3.505624665466795964e+00,1.993129928692526143e+00
2.597400000000000020e+01,3.186100000000000154e+00,2.724610137939453125e+01,4.008176326751708984e+00,nan,nan,5.314976606202321818e+00,3.463759018627654118e+00,1.851213117226309102e+00
2.767300000000000182e+01,3.437100000000000044e+00,2.723166847229003906e+01,3.998279094696044922e+00,nan,nan,5.279317293000417521e+00,3.459390415398131413e+00,1.819896300419515889e+00
2.791600000000000037e+01,3.552999999999999936e+00,2.726729202270507812e+01,4.022143840789794922e+00,nan,nan,5.271124992203908732e+00,3.459944678989897771e+00,1.811157961472219746e+00
2.737000000000000099e+01,3.495000000000000107e+00,2.723878479003906250e+01,4.009629726409912109e+00,nan,nan,5.273899588418203166e+00,3.458810819832335515e+00,1.815068801029867451e+00
1.365499999999999936e+01,-3.861899999999973687e-02,2.746899223327636719e+01,4.155961513519287109e+00,nan,nan,7.382886919808584025e+00,4.052596761433134631e+00,3.330316026791281026e+00
2.694500000000000028e+01,3.437100000000000044e+00,2.681232833862304688e+01,3.799936771392822266e+00,nan,nan,5.267394933533864787e+00,3.460953964439879460e+00,1.806414802654928486e+00
2.688500000000000156e+01,3.437100000000000044e+00,2.669439697265625000e+01,3.737896919250488281e+00,nan,nan,5.264898094964223674e+00,3.461449755875121159e+00,1.803426523789114277e+00
2.682400000000000162e+01,3.572299999999999809e+00,2.694411277770996094e+01,3.851362228393554688e+00,nan,nan,5.261715683770376017e+00,3.460290385929595036e+00,1.801415045841879170e+00
2.627800000000000225e+01,3.765400000000000080e+00,2.746576881408691406e+01,4.151762485504150391e+00,nan,nan,5.265895876717763713e+00,3.462290896622191472e+00,1.803610106095022481e+00
2.809800000000000253e+01,3.707500000000000018e+00,2.746018218994140625e+01,4.145221233367919922e+00,nan,nan,5.267073187661367228e+00,3.459217979160796208e+00,1.807856758221334736e+00
2.846199999999999974e+01,3.572299999999999809e+00,2.738660049438476562e+01,4.077023029327392578e+00,nan,nan,5.277557763886647990e+00,3.461786462513457341e+00,1.815744896515554707e+00
2.706699999999999662e+01,3.340599999999999792e+00,2.701604843139648438e+01,3.804467916488647461e+00,nan,nan,5.276686701607900432e+00,3.459633602348815007e+00,1.817017336472219746e+00
2.597400000000000020e+01,3.495000000000000107e+00,2.696423721313476562e+01,3.771325111389160156e+00,nan,nan,5.268360409569936564e+00,3.462900890556822819e+00,1.805480321034139912e+00
2.567099999999999937e+01,3.128200000000000092e+00,2.699173545837402344e+01,3.789577484130859375e+00,nan,nan,5.301345977616506389e+00,3.465137256828795476e+00,1.836241324528402608e+00
2.615599999999999881e+01,3.108900000000000219e+00,2.697366333007812500e+01,3.778496980667114258e+00,nan,nan,5.299180660081105998e+00,3.461861206738005681e+00,1.837314684971517842e+00
2.664199999999999946e+01,2.819199999999999484e+00,2.719758796691894531e+01,3.933322668075561523e+00,nan,nan,5.364137682748037150e+00,3.459912909714232487e+00,1.904187400921530049e+00
2.603500000000000014e+01,1.583400000000000141e+00,2.746899223327636719e+01,4.155986785888671875e+00,nan,nan,5.833867106270986369e+00,3.464325679985533757e+00,2.369542320355123799e+00
3.058599999999999852e+01,4.402599999999999625e+00,2.746898841857910156e+01,4.155971527099609375e+00,nan,nan,5.283739957642751506e+00,3.488174928871642155e+00,1.795568962677664082e+00
2.378900000000000148e+01,3.321299999999999919e+00,2.746542358398437500e+01,4.153175830841064453e+00,nan,nan,5.352244052720266154e+00,3.500716044155608220e+00,1.851539095028585713e+00
2.391099999999999781e+01,3.301899999999999835e+00,2.742931365966796875e+01,4.134720325469970703e+00,nan,nan,5.348179135155874064e+00,3.496606661526213689e+00,1.851617951973623555e+00
2.761300000000000310e+01,3.939200000000000035e+00,2.720447158813476562e+01,4.071975231170654297e+00,nan,nan,5.252269658875661662e+00,3.459318353382597966e+00,1.792955120190328877e+00
2.870499999999999829e+01,4.306000000000000050e+00,2.736577033996582031e+01,4.136451721191406250e+00,nan,nan,5.256441745591359904e+00,3.463738574234496159e+00,1.792713304146475117e+00
2.803800000000000026e+01,3.977799999999999780e+00,2.734296989440917969e+01,4.139017581939697266e+00,nan,nan,5.251969728303151896e+00,3.459654046741972966e+00,1.792318363770193379e+00
2.463899999999999935e+01,3.668800000000000061e+00,2.717850685119628906e+01,4.063660621643066406e+00,nan,nan,5.283928069901662639e+00,3.478881074635039372e+00,1.805077036007589619e+00
2.057300000000000040e+01,2.935099999999999820e+00,2.746898269653320312e+01,4.155970573425292969e+00,nan,nan,5.526796374154287150e+00,3.606092824188719792e+00,1.920710106476492207e+00
3.258899999999999864e+01,4.093600000000000350e+00,2.746896171569824219e+01,4.155965328216552734e+00,nan,nan,5.330176505875783732e+00,3.539593531338225407e+00,1.790585835560507100e+00
3.428800000000000381e+01,4.402599999999999625e+00,2.746888923645019531e+01,4.155724048614501953e+00,nan,nan,5.398479852509694865e+00,3.602816714493285222e+00,1.795667310341543477e+00
2.876599999999999824e+01,3.668800000000000061e+00,2.692938232421875000e+01,3.780834674835205078e+00,nan,nan,5.269969138932424357e+00,3.470582796780119939e+00,1.799389262779897969e+00
2.427499999999999858e+01,3.089500000000000135e+00,2.624963378906250000e+01,3.394187927246093750e+00,nan,nan,5.285235676598745158e+00,3.474970771519194646e+00,1.810329695328420918e+00
2.354699999999999704e+01,3.108900000000000219e+00,2.663537979125976562e+01,3.617129087448120117e+00,nan,nan,5.313063416314321330e+00,3.490974797455321355e+00,1.822237272843069356e+00
2.548900000000000077e+01,3.301899999999999835e+00,2.634977912902832031e+01,3.462122917175292969e+00,nan,nan,5.268079910111623576e+00,3.464737965313445134e+00,1.803364415749258320e+00
2.724900000000000233e+01,3.861899999999999888e+00,2.640406036376953125e+01,3.496072292327880859e+00,nan,nan,5.276216897797780803e+00,3.464411331860075993e+00,1.811970730408376973e+00
2.943300000000000338e+01,3.746100000000000207e+00,2.651696395874023438e+01,3.556230068206787109e+00,nan,nan,5.291298899483876994e+00,3.488127721992980046e+00,1.803348203285879414e+00
2.646000000000000085e+01,3.437100000000000044e+00,2.672144126892089844e+01,3.690865278244018555e+00,nan,nan,5.265294227433400920e+00,3.461339427677641911e+00,1.803951163872427266e+00
2.439600000000000080e+01,3.128200000000000092e+00,2.678272819519042969e+01,3.739964008331298828e+00,nan,nan,5.308307323289113810e+00,3.478631331173430485e+00,1.829752464874929707e+00
2.530699999999999861e+01,3.205400000000000027e+00,2.668903541564941406e+01,3.703396797180175781e+00,nan,nan,5.286120686364370158e+00,3.467333986011992497e+00,1.818800111397451680e+00
2.664199999999999946e+01,3.726799999999999891e+00,2.653812789916992188e+01,3.632114648818969727e+00,nan,nan,5.260522160363393596e+00,3.462061716763030095e+00,1.798505266293234151e+00
2.688500000000000156e+01,3.649500000000000188e+00,2.647612380981445312e+01,3.600640296936035156e+00,nan,nan,5.260990295243459514e+00,3.462780012337218327e+00,1.798251827343649190e+00
2.682400000000000162e+01,3.630199999999999871e+00,2.648853683471679688e+01,3.602386236190795898e+00,nan,nan,5.260704073739248088e+00,3.462559534756194157e+00,1.798181315048879902e+00
2.700600000000000023e+01,3.147499999999999964e+00,2.695819854736328125e+01,3.844485282897949219e+00,nan,nan,5.298401865792470744e+00,3.460204674450408024e+00,1.838131328209585469e+00
2.894800000000000040e+01,2.838499999999999801e+00,2.746898460388183594e+01,4.155967712402343750e+00,nan,nan,5.406876835656362346e+00,3.464709057060729069e+00,1.942169387921041768e+00
2.991900000000000048e+01,4.344699999999999562e+00,2.746897888183593750e+01,4.155952930450439453e+00,nan,nan,5.269942555260854533e+00,3.476599349228392644e+00,1.793347080334371846e+00
2.087599999999999767e+01,2.568200000000000038e+00,2.746883392333984375e+01,4.155772209167480469e+00,nan,nan,5.604234967065053752e+00,3.593350066391478581e+00,2.010893543347067158e+00
1.905599999999999739e+01,2.529599999999999849e+00,2.746894264221191406e+01,4.155879974365234375e+00,nan,nan,5.700239691567617228e+00,3.678468419758330388e+00,2.021777589901632588e+00
2.567099999999999937e+01,3.495000000000000107e+00,2.746720314025878906e+01,4.154001712799072266e+00,nan,nan,5.296445641350942424e+00,3.467949761597167058e+00,1.828502913101858418e+00
2.852300000000000324e+01,4.286699999999999733e+00,2.746464538574218750e+01,4.151914596557617188e+00,nan,nan,5.253615412545400432e+00,3.461395515648375554e+00,1.792226513012594502e+00
2.761300000000000310e+01,3.997100000000000097e+00,2.745531082153320312e+01,4.145308017730712891e+00,nan,nan,5.250876579117971232e+00,3.458013309685240788e+00,1.792868395432180684e+00
2.427499999999999858e+01,3.610899999999999999e+00,2.744653129577636719e+01,4.139323234558105469e+00,nan,nan,5.304894599747854045e+00,3.489310516563902898e+00,1.815612514599508565e+00
2.008800000000000097e+01,2.722700000000000120e+00,2.746879196166992188e+01,4.155677795410156250e+00,nan,nan,5.597682032418447307e+00,3.627667381016264958e+00,1.970022757633871358e+00
2.718800000000000239e+01,3.784699999999999953e+00,2.746843338012695312e+01,4.155393123626708984e+00,nan,nan,5.260477814507680705e+00,3.458137764183531804e+00,1.802344103439993184e+00
2.937300000000000111e+01,4.151600000000000179e+00,2.746653366088867188e+01,4.155112743377685547e+00,nan,nan,5.259411248994069865e+00,3.469218506065856023e+00,1.790196557625479024e+00
2.743099999999999739e+01,3.939200000000000035e+00,2.746463966369628906e+01,4.156134605407714844e+00,nan,nan,5.251816305947500041e+00,3.457795216290007634e+00,1.794023831471151631e+00
2.536699999999999733e+01,3.572299999999999809e+00,2.745721626281738281e+01,4.154775619506835938e+00,nan,nan,5.290911350083547404e+00,3.471378637997160954e+00,1.819536407574362080e+00
2.457800000000000296e+01,3.147499999999999964e+00,2.741688919067382812e+01,4.147428512573242188e+00,nan,nan,5.360403094124990275e+00,3.482969416824828190e+00,1.877446790322012227e+00
2.512500000000000000e+01,3.379199999999999982e+00,2.739757347106933594e+01,4.143660545349121094e+00,nan,nan,5.315113458466726115e+00,3.474016799179564519e+00,1.841106017216390889e+00
2.651999999999999957e+01,3.688099999999999934e+00,2.727721786499023438e+01,4.090473175048828125e+00,nan,nan,5.265391621422963908e+00,3.460189832893858952e+00,1.805206378086752217e+00
2.755199999999999960e+01,4.325400000000000134e+00,2.746888923645019531e+01,4.155896186828613281e+00,nan,nan,5.251293930840688517e+00,3.458198262897978825e+00,1.793101568802542012e+00
2.743099999999999739e+01,3.495000000000000107e+00,2.746896743774414062e+01,4.155972003936767578e+00,nan,nan,5.286409411263662150e+00,3.457902921883116765e+00,1.828510184868521016e+00
2.737000000000000099e+01,3.340599999999999792e+00,2.746916961669921875e+01,4.156146526336669922e+00,nan,nan,5.306515369248586467e+00,3.457978977409850163e+00,1.848540385349935811e+00
2.664199999999999946e+01,3.359900000000000109e+00,2.712756538391113281e+01,3.956467866897583008e+00,nan,nan,5.284400377106862834e+00,3.460165216175566716e+00,1.824214478119558613e+00
2.621699999999999875e+01,3.398499999999999854e+00,2.693139266967773438e+01,3.855534076690673828e+00,nan,nan,5.273913774323659709e+00,3.461821927277098698e+00,1.812079210861868184e+00
2.639900000000000091e+01,3.417800000000000171e+00,2.718364906311035156e+01,3.985900878906250000e+00,nan,nan,5.281368884873586467e+00,3.460980011669646306e+00,1.820377786740011494e+00
2.651999999999999957e+01,3.437100000000000044e+00,2.719411087036132812e+01,3.994292736053466797e+00,nan,nan,5.279383334946828654e+00,3.460395349709044499e+00,1.818976123913473408e+00
2.682400000000000162e+01,3.321299999999999919e+00,2.707691955566406250e+01,3.948488950729370117e+00,nan,nan,5.286769184899526408e+00,3.459891452042113347e+00,1.826850374325460713e+00
2.658099999999999952e+01,2.877099999999999991e+00,2.746893501281738281e+01,4.155811786651611328e+00,nan,nan,5.393742952180105021e+00,3.460352136341582341e+00,1.933393796070761006e+00
2.809800000000000253e+01,3.842600000000000016e+00,2.746826744079589844e+01,4.155213832855224609e+00,nan,nan,5.258010420632558635e+00,3.459137870518218083e+00,1.798876245602316182e+00
2.560999999999999943e+01,3.417800000000000171e+00,2.746896171569824219e+01,4.155783653259277344e+00,nan,nan,5.306711587739187053e+00,3.468737436977873845e+00,1.837979455574697774e+00
2.603500000000000014e+01,3.514400000000000190e+00,2.745871353149414062e+01,4.159279346466064453e+00,nan,nan,5.290353212189870646e+00,3.464066101757536931e+00,1.826289136990255635e+00
2.712699999999999889e+01,3.726799999999999891e+00,2.746490859985351562e+01,4.159908294677734375e+00,nan,nan,5.264344606232839396e+00,3.458000196663390202e+00,1.806347509010977070e+00
2.828000000000000114e+01,4.035700000000000287e+00,2.747008895874023438e+01,4.144258499145507812e+00,nan,nan,5.250747713875966838e+00,3.459641350952635808e+00,1.791108568295187276e+00
2.761300000000000310e+01,3.919900000000000162e+00,2.746022415161132812e+01,4.127806663513183594e+00,nan,nan,5.251817736458974650e+00,3.457676245419035954e+00,1.794142981156057637e+00
2.676300000000000168e+01,3.746100000000000207e+00,2.747283363342285156e+01,4.155196666717529297e+00,nan,nan,5.263466629815297892e+00,3.459169341770659489e+00,1.804298658951467793e+00
2.257600000000000051e+01,2.741999999999999993e+00,2.710297966003417969e+01,3.917647838592529297e+00,nan,nan,5.436187419724660685e+00,3.522693051544676823e+00,1.913704474552816670e+00
2.178699999999999903e+01,2.761299999999999866e+00,2.739171791076660156e+01,4.091060638427734375e+00,nan,nan,5.501796397996145060e+00,3.555947913376341862e+00,1.945980032070822041e+00
2.834099999999999753e+01,3.997100000000000097e+00,2.745493316650390625e+01,4.138067245483398438e+00,nan,nan,5.252813491654592326e+00,3.460313154903899235e+00,1.792503674610800068e+00
2.912999999999999901e+01,4.074300000000000033e+00,2.746890258789062500e+01,4.155763626098632812e+00,nan,nan,5.257374319863515666e+00,3.466452492920409245e+00,1.790925343617147725e+00
2.821999999999999886e+01,3.842600000000000016e+00,2.746772384643554688e+01,4.157555103302001953e+00,nan,nan,5.258432302308278850e+00,3.459607733932982487e+00,1.798828323467916768e+00
2.688500000000000156e+01,3.765400000000000080e+00,2.746710586547851562e+01,4.157759189605712891e+00,nan,nan,5.262488875222402385e+00,3.458898617474089665e+00,1.803594072445577901e+00
2.688500000000000156e+01,3.803999999999999826e+00,2.746818923950195312e+01,4.156515598297119141e+00,nan,nan,5.259848389458852580e+00,3.458890034405242009e+00,1.800961871727651875e+00
2.700600000000000023e+01,3.842600000000000016e+00,2.746837425231933594e+01,4.156565189361572266e+00,nan,nan,5.257220539879995158e+00,3.458488299099455876e+00,1.798735757454580586e+00
2.743099999999999739e+01,4.113000000000000433e+00,2.746817588806152344e+01,4.154626846313476562e+00,nan,nan,5.248608860802846721e+00,3.457877411095152898e+00,1.790736575707144063e+00
2.846199999999999974e+01,4.016399999999999970e+00,2.746917533874511719e+01,4.156209945678710938e+00,nan,nan,5.253108892274099162e+00,3.460970355717192692e+00,1.792142470463461201e+00
2.718800000000000239e+01,3.746100000000000207e+00,2.746866035461425781e+01,4.155637741088867188e+00,nan,nan,5.263089809251027873e+00,3.458137942997466130e+00,1.804955740555471699e+00
2.476000000000000156e+01,3.301899999999999835e+00,2.744646835327148438e+01,4.138717174530029297e+00,nan,nan,5.332968387437063029e+00,3.480460716930876774e+00,1.852547307594961445e+00
2.506400000000000006e+01,3.301899999999999835e+00,2.705736732482910156e+01,3.955943346023559570e+00,nan,nan,5.303619417977529338e+00,3.471730066982756657e+00,1.831977148636526387e+00
2.658099999999999952e+01,3.630199999999999871e+00,2.710664558410644531e+01,3.994280099868774414e+00,nan,nan,5.265211257767873576e+00,3.460043920723448796e+00,1.805172284229940693e+00
2.658099999999999952e+01,3.746100000000000207e+00,2.710386848449707031e+01,4.002579689025878906e+00,nan,nan,5.259008202386098674e+00,3.460046900955687565e+00,1.798968155964559834e+00
2.639900000000000091e+01,3.726799999999999891e+00,2.699391555786132812e+01,3.961059570312500000e+00,nan,nan,5.259300861191945842e+00,3.460699869839201970e+00,1.798609991654104512e+00
2.785599999999999810e+01,3.958499999999999908e+00,2.681121444702148438e+01,3.882767200469970703e+00,nan,nan,5.259056243729787639e+00,3.463591529575835271e+00,1.795514066799825947e+00
2.688500000000000156e+01,3.939200000000000035e+00,2.718701744079589844e+01,4.027266502380371094e+00,nan,nan,5.252965364289480021e+00,3.459178342072020573e+00,1.793798704727834981e+00
2.603500000000000014e+01,3.475699999999999790e+00,2.742022705078125000e+01,4.139814376831054688e+00,nan,nan,5.293010864091115764e+00,3.464000775066863103e+00,1.829019208534902852e+00
2.560999999999999943e+01,3.475699999999999790e+00,2.746909523010253906e+01,4.155704975128173828e+00,nan,nan,5.298973116707998088e+00,3.468478395191679997e+00,1.830495257958120625e+00
2.609600000000000009e+01,3.572299999999999809e+00,2.747338485717773438e+01,4.147999286651611328e+00,nan,nan,5.282218370270925334e+00,3.463374568668852849e+00,1.818843324764913838e+00
2.579199999999999804e+01,3.552999999999999936e+00,2.746786117553710938e+01,4.156035423278808594e+00,nan,nan,5.287473234963613322e+00,3.466159655300627751e+00,1.821312268360800068e+00
2.651999999999999957e+01,3.456399999999999917e+00,2.744183349609375000e+01,4.158573627471923828e+00,nan,nan,5.292717847657399943e+00,3.460101200787077946e+00,1.832617064102834981e+00
2.646000000000000085e+01,3.495000000000000107e+00,2.743773460388183594e+01,4.158833503723144531e+00,nan,nan,5.288485202622609904e+00,3.460450841633330388e+00,1.828034778221792500e+00
2.336499999999999844e+01,3.243999999999999773e+00,2.744969177246093750e+01,4.144339084625244141e+00,nan,nan,5.371682319474416545e+00,3.509993387905608220e+00,1.861732144936270039e+00
2.215099999999999980e+01,2.993000000000000327e+00,2.746896362304687500e+01,4.155989170074462891e+00,nan,nan,5.454819116425710490e+00,3.546075178829680485e+00,1.908750792130178731e+00
3.501699999999999591e+01,4.441200000000000259e+00,2.746896553039550781e+01,4.155964851379394531e+00,nan,nan,5.432811174226003459e+00,3.635451628414641423e+00,1.797362466438955586e+00
3.568399999999999750e+01,4.962600000000000122e+00,2.746898078918457031e+01,4.155949115753173828e+00,nan,nan,5.515428457093435100e+00,3.668220354763518376e+00,1.847212453468984883e+00
2.943300000000000338e+01,4.170899999999999608e+00,2.730882263183593750e+01,4.014750003814697266e+00,nan,nan,5.267642531228261760e+00,3.472418917862425847e+00,1.795261581524557393e+00
2.524599999999999866e+01,3.495000000000000107e+00,2.721857833862304688e+01,3.949586153030395508e+00,nan,nan,5.282749566865163615e+00,3.470806314198027653e+00,1.811964650734609883e+00
2.439600000000000080e+01,3.070199999999999818e+00,2.712236213684082031e+01,3.889930009841918945e+00,nan,nan,5.334782037568288615e+00,3.482126964775572819e+00,1.852722485645956318e+00
2.597400000000000020e+01,3.533700000000000063e+00,2.701303100585937500e+01,3.820825815200805664e+00,nan,nan,5.264396462273793986e+00,3.462639881817351384e+00,1.801760097130483906e+00
2.900900000000000034e+01,3.784699999999999953e+00,2.744381904602050781e+01,4.127218246459960938e+00,nan,nan,5.267203125786977580e+00,3.465599014011870427e+00,1.801600773914999287e+00
3.101099999999999923e+01,3.726799999999999891e+00,2.746898651123046875e+01,4.155967235565185547e+00,nan,nan,5.303351912331777385e+00,3.496993078438292546e+00,1.806361456497854512e+00
2.803800000000000026e+01,3.939200000000000035e+00,2.746898651123046875e+01,4.155968666076660156e+00,nan,nan,5.253241453004079631e+00,3.458900644032012028e+00,1.794344623669332783e+00
2.318300000000000338e+01,3.166799999999999837e+00,2.746857833862304688e+01,4.155390262603759766e+00,nan,nan,5.391085300278859904e+00,3.515154434887419743e+00,1.875938613995260518e+00
2.451800000000000068e+01,3.186100000000000154e+00,2.730440139770507812e+01,4.080092906951904297e+00,nan,nan,5.344340238404470256e+00,3.482609404770384831e+00,1.861825783833212178e+00
2.664199999999999946e+01,3.784699999999999953e+00,2.731037521362304688e+01,4.119794368743896484e+00,nan,nan,5.259650978875356486e+00,3.459578110424529118e+00,1.800075252636617940e+00
2.779500000000000171e+01,4.054999999999999716e+00,2.746761512756347656e+01,4.156275749206542969e+00,nan,nan,5.248459849190908244e+00,3.457902802673827214e+00,1.790559013470358174e+00
2.724900000000000233e+01,3.900500000000000078e+00,2.747138977050781250e+01,4.154496192932128906e+00,nan,nan,5.252756986451345256e+00,3.457564188686858220e+00,1.795193930252737324e+00
2.834099999999999753e+01,4.286699999999999733e+00,2.743126296997070312e+01,4.135895729064941406e+00,nan,nan,5.253510269952016642e+00,3.460588051525603337e+00,1.792933841332144063e+00
2.737000000000000099e+01,4.093600000000000350e+00,2.746898651123046875e+01,4.155991554260253906e+00,nan,nan,5.248621377778249553e+00,3.457950307575713200e+00,1.790675480946249287e+00
2.761300000000000310e+01,3.301899999999999835e+00,2.746896362304687500e+01,4.155966758728027344e+00,nan,nan,5.312057647538381389e+00,3.457958294598113103e+00,1.854102690800375264e+00
2.700600000000000023e+01,3.282599999999999962e+00,2.746900177001953125e+01,4.155890464782714844e+00,nan,nan,5.315700206589895060e+00,3.458606375900755925e+00,1.857097704991049092e+00
2.621699999999999875e+01,3.359900000000000109e+00,2.705096244812011719e+01,3.826198101043701172e+00,nan,nan,5.276305470299917033e+00,3.461454047409544987e+00,1.814848740681356709e+00
2.658099999999999952e+01,3.379199999999999982e+00,2.669193458557128906e+01,3.597843647003173828e+00,nan,nan,5.261920604539113810e+00,3.460250748840819401e+00,1.801664372070974629e+00
2.664199999999999946e+01,3.398499999999999854e+00,2.668346595764160156e+01,3.604676008224487305e+00,nan,nan,5.261156592202382853e+00,3.460240735260497136e+00,1.800910254105276387e+00
2.688500000000000156e+01,3.552999999999999936e+00,2.631777381896972656e+01,3.393257856369018555e+00,nan,nan,5.260987076592641642e+00,3.461661292759429021e+00,1.799366493805593770e+00
2.646000000000000085e+01,3.301899999999999835e+00,2.618967819213867188e+01,3.321472406387329102e+00,nan,nan,5.257862481904226115e+00,3.460903836933623356e+00,1.796968956574148457e+00
2.597400000000000020e+01,2.877099999999999991e+00,2.618479728698730469e+01,3.318758010864257812e+00,nan,nan,5.275575432610708049e+00,3.461058034149657292e+00,1.814495642765707295e+00
2.749099999999999966e+01,3.668800000000000061e+00,2.651644897460937500e+01,3.529846906661987305e+00,nan,nan,5.261283788514333537e+00,3.463332428184996648e+00,1.797993500813192647e+00
2.773400000000000176e+01,3.707500000000000018e+00,2.649315834045410156e+01,3.534948587417602539e+00,nan,nan,5.263351831269460490e+00,3.465126885620604558e+00,1.798271735295004170e+00
2.749099999999999966e+01,3.610899999999999999e+00,2.632290458679199219e+01,3.447317838668823242e+00,nan,nan,5.262696895432668498e+00,3.464745058266173405e+00,1.797993321999258320e+00
2.743099999999999739e+01,3.572299999999999809e+00,2.624369621276855469e+01,3.405500650405883789e+00,nan,nan,5.262975606751638225e+00,3.464934839455138249e+00,1.798081954106039326e+00
2.723600000000000065e+01,3.572299999999999809e+00,2.623369216918945312e+01,3.401029586791992188e+00,nan,nan,5.261751804185109904e+00,3.463658882824431462e+00,1.798130829914755147e+00
2.712699999999999889e+01,3.707500000000000018e+00,2.624136924743652344e+01,3.403560161590576172e+00,nan,nan,5.266609582734304240e+00,3.463003529755126042e+00,1.803662617787069600e+00
2.925099999999999767e+01,3.688099999999999934e+00,2.646411895751953125e+01,3.522150278091430664e+00,nan,nan,5.284446153474050334e+00,3.484964861122618718e+00,1.799577911480612080e+00
3.016199999999999903e+01,3.823300000000000143e+00,2.746214675903320312e+01,4.146667003631591797e+00,nan,nan,5.280743632149892619e+00,3.480655206886778874e+00,1.800088008030599873e+00
2.573099999999999810e+01,3.379199999999999982e+00,2.746907043457031250e+01,4.155829906463623047e+00,nan,nan,5.310266289544301799e+00,3.467295242992888493e+00,1.842974801644033711e+00
2.397199999999999775e+01,3.147499999999999964e+00,2.743943977355957031e+01,4.140334129333496094e+00,nan,nan,5.372010621857839396e+00,3.495379699913512273e+00,1.876658876522726338e+00
2.591400000000000148e+01,3.263300000000000090e+00,2.717730522155761719e+01,4.012110710144042969e+00,nan,nan,5.304346356225210002e+00,3.463518752304564519e+00,1.840838988407797139e+00
2.761300000000000310e+01,3.707500000000000018e+00,2.715711593627929688e+01,3.994976997375488281e+00,nan,nan,5.258573207688527873e+00,3.459183468071471257e+00,1.799379249199575703e+00
2.821999999999999886e+01,3.881200000000000205e+00,2.718570709228515625e+01,4.014169692993164062e+00,nan,nan,5.254941854310231975e+00,3.461714638916502995e+00,1.793225427254385274e+00
2.755199999999999960e+01,3.861899999999999888e+00,2.717499160766601562e+01,4.008947372436523438e+00,nan,nan,5.252476844620900920e+00,3.458841337410460515e+00,1.793635149582571309e+00
2.688500000000000156e+01,4.054999999999999716e+00,2.744099044799804688e+01,4.139726638793945312e+00,nan,nan,5.249954972100454142e+00,3.458878173080931706e+00,1.791081388577169697e+00
2.658099999999999952e+01,3.919900000000000162e+00,2.746898269653320312e+01,4.155977725982666016e+00,nan,nan,5.255453142953115275e+00,3.460348083225737614e+00,1.795109232052511494e+00
2.973699999999999832e+01,3.784699999999999953e+00,2.746884918212890625e+01,4.155210018157958984e+00,nan,nan,5.277198228669362834e+00,3.474359823910246892e+00,1.802844305618948262e+00
2.973699999999999832e+01,3.495000000000000107e+00,2.743236351013183594e+01,4.116449832916259766e+00,nan,nan,5.300804171395498088e+00,3.474566711632262273e+00,1.826200624092764180e+00
2.858399999999999963e+01,3.881200000000000205e+00,2.745398521423339844e+01,4.144028186798095703e+00,nan,nan,5.259048256707387736e+00,3.461921526638518376e+00,1.797127802952474873e+00
2.700600000000000023e+01,3.649500000000000188e+00,2.728794860839843750e+01,4.054562091827392578e+00,nan,nan,5.266353044343190959e+00,3.458768083302031560e+00,1.807586987599081318e+00
2.639900000000000091e+01,3.668800000000000061e+00,2.722858047485351562e+01,4.035576820373535156e+00,nan,nan,5.265856418442922404e+00,3.460882438866148991e+00,1.804987271412557881e+00
2.573099999999999810e+01,3.668800000000000061e+00,2.721286201477050781e+01,4.034674644470214844e+00,nan,nan,5.270349416566091350e+00,3.465637816635619206e+00,1.804737229927725117e+00
2.579199999999999804e+01,3.630199999999999871e+00,2.718904113769531250e+01,4.027440547943115234e+00,nan,nan,5.271786126923757365e+00,3.464965357033263249e+00,1.806845446213430684e+00
2.488199999999999790e+01,3.533700000000000063e+00,2.703133010864257812e+01,3.950670003890991211e+00,nan,nan,5.283544692826467326e+00,3.473836256710539860e+00,1.809772868736929219e+00
2.251500000000000057e+01,3.166799999999999837e+00,2.746804428100585938e+01,4.155417442321777344e+00,nan,nan,5.410348210168081096e+00,3.534440590588103337e+00,1.875914176090902608e+00
2.955499999999999972e+01,3.765400000000000080e+00,2.746897125244140625e+01,4.155996322631835938e+00,nan,nan,5.275111946892934611e+00,3.471469237057219548e+00,1.803646047695822041e+00
3.131500000000000128e+01,4.286699999999999733e+00,2.746916007995605469e+01,4.156229496002197266e+00,nan,nan,5.295901093316274455e+00,3.504003121105681462e+00,1.791902323349661152e+00
2.876599999999999824e+01,3.900500000000000078e+00,2.737437438964843750e+01,4.102509498596191406e+00,nan,nan,5.258832964730459025e+00,3.464031769482146306e+00,1.794796665295309346e+00
2.597400000000000020e+01,3.495000000000000107e+00,2.720349502563476562e+01,4.022081851959228516e+00,nan,nan,5.279300842118459514e+00,3.463150097576628728e+00,1.816161771401113789e+00
2.500300000000000011e+01,3.166799999999999837e+00,2.706476211547851562e+01,3.955536842346191406e+00,nan,nan,5.318847093415456584e+00,3.472105576244841618e+00,1.846787055119222920e+00
2.579199999999999804e+01,3.417800000000000171e+00,2.697395896911621094e+01,3.907727241516113281e+00,nan,nan,5.277350816559987834e+00,3.463403894154082341e+00,1.813958664520925801e+00
2.706699999999999662e+01,3.668800000000000061e+00,2.737227630615234375e+01,4.107691287994384766e+00,nan,nan,5.265971693825918010e+00,3.458425296989928288e+00,1.807544906719869893e+00
2.579199999999999804e+01,4.132299999999999862e+00,2.746898460388183594e+01,4.155968666076660156e+00,nan,nan,5.256930742097097209e+00,3.466654910294066472e+00,1.790279944523519795e+00
3.052599999999999980e+01,3.919900000000000162e+00,2.746898269653320312e+01,4.155967235565185547e+00,nan,nan,5.282124433350759318e+00,3.487017645088683171e+00,1.795109887703604024e+00
3.034400000000000119e+01,3.630199999999999871e+00,2.746898269653320312e+01,4.155947208404541016e+00,nan,nan,5.298088345360952189e+00,3.483653797356139226e+00,1.814437349423116963e+00
2.724900000000000233e+01,3.610899999999999999e+00,2.745588493347167969e+01,4.138649940490722656e+00,nan,nan,5.273427281213002971e+00,3.458034826962004704e+00,1.815394361599630635e+00
2.633800000000000097e+01,3.321299999999999919e+00,2.743077468872070312e+01,4.112996578216552734e+00,nan,nan,5.308133754563527873e+00,3.461686386314879460e+00,1.846451838597006123e+00
2.621699999999999875e+01,3.417800000000000171e+00,2.740486145019531250e+01,4.089295387268066406e+00,nan,nan,5.294036660027700236e+00,3.462443067280303044e+00,1.831599910839742940e+00
2.633800000000000097e+01,3.552999999999999936e+00,2.736610221862792969e+01,4.056167602539062500e+00,nan,nan,5.276366267037587932e+00,3.461468829361449284e+00,1.814901669605917256e+00
2.700600000000000023e+01,3.630199999999999871e+00,2.740948486328125000e+01,4.094126701354980469e+00,nan,nan,5.269344839883046916e+00,3.458536340443144841e+00,1.810807545765585225e+00
2.937300000000000111e+01,3.630199999999999871e+00,2.746898460388183594e+01,4.155965328216552734e+00,nan,nan,5.283613953423696330e+00,3.469190193859587712e+00,1.814426859005636494e+00
2.858399999999999963e+01,3.591600000000000126e+00,2.746898460388183594e+01,4.155967235565185547e+00,nan,nan,5.279872689080434611e+00,3.461766196934233708e+00,1.818109830006307881e+00
2.573099999999999810e+01,3.958499999999999908e+00,2.746898460388183594e+01,4.155961036682128906e+00,nan,nan,5.260940108132558635e+00,3.467303766457091374e+00,1.793640514000601094e+00
2.409300000000000352e+01,3.321299999999999919e+00,2.746895980834960938e+01,4.155960083007812500e+00,nan,nan,5.344649228882985881e+00,3.493407084194670720e+00,1.851246793850607197e+00
2.518499999999999872e+01,3.591600000000000126e+00,2.746627998352050781e+01,4.154096603393554688e+00,nan,nan,5.291989717316823771e+00,3.474097623077879948e+00,1.817897816284841817e+00
2.706699999999999662e+01,3.765400000000000080e+00,2.745573806762695312e+01,4.146595001220703125e+00,nan,nan,5.261659655404287150e+00,3.458366646019469304e+00,1.803298075779623311e+00
2.694500000000000028e+01,3.823300000000000143e+00,2.744874191284179688e+01,4.142751693725585938e+00,nan,nan,5.258110318017202189e+00,3.458676649776946110e+00,1.799438377007192891e+00
2.706699999999999662e+01,3.591600000000000126e+00,2.745742416381835938e+01,4.149458408355712891e+00,nan,nan,5.275786194634633830e+00,3.458337856976042790e+00,1.817451615914053242e+00
3.003999999999999915e+01,4.054999999999999716e+00,2.746896553039550781e+01,4.155963897705078125e+00,nan,nan,5.269594702553945353e+00,3.478492809978972478e+00,1.791105349644369404e+00
2.615599999999999881e+01,3.340599999999999792e+00,2.746707534790039062e+01,4.154127120971679688e+00,nan,nan,5.311515245270925334e+00,3.463246716705809636e+00,1.848275561913198750e+00
2.318300000000000338e+01,3.050899999999999945e+00,2.744529151916503906e+01,4.135121822357177734e+00,nan,nan,5.408579740357595256e+00,3.514557196346770329e+00,1.894110878094381611e+00
2.433599999999999852e+01,3.205400000000000027e+00,2.712625312805175781e+01,3.931464195251464844e+00,nan,nan,5.323437127900319865e+00,3.483004881588469548e+00,1.840555031880087178e+00
2.718800000000000239e+01,3.668800000000000061e+00,2.696390342712402344e+01,3.858130216598510742e+00,nan,nan,5.256206426453786662e+00,3.459215058533202214e+00,1.796986778362936299e+00
2.858399999999999963e+01,3.997100000000000097e+00,2.685660552978515625e+01,3.815119028091430664e+00,nan,nan,5.264791164231496623e+00,3.468495382515440983e+00,1.796341915711111348e+00
2.785599999999999810e+01,3.900500000000000078e+00,2.672549057006835938e+01,3.755042791366577148e+00,nan,nan,5.258151206803518107e+00,3.463252379147063298e+00,1.794925113304800313e+00
2.664199999999999946e+01,3.726799999999999891e+00,2.663684463500976562e+01,3.689304113388061523e+00,nan,nan,5.254030022454458049e+00,3.459500624386321110e+00,1.794541497811025899e+00
2.785599999999999810e+01,3.572299999999999809e+00,2.745404434204101562e+01,4.142600536346435547e+00,nan,nan,5.278713617158132365e+00,3.458461417404662175e+00,1.820252140148824971e+00
2.603500000000000014e+01,3.514400000000000190e+00,2.746867561340332031e+01,4.155913829803466797e+00,nan,nan,5.290577206444936564e+00,3.464325501171599431e+00,1.826255877598470967e+00
2.397199999999999775e+01,3.301899999999999835e+00,2.739565467834472656e+01,4.113785266876220703e+00,nan,nan,5.344047698807912639e+00,3.494675351826201481e+00,1.849461396321005147e+00
2.476000000000000156e+01,3.340599999999999792e+00,2.682261085510253906e+01,3.886878490447998047e+00,nan,nan,5.294323239159780314e+00,3.473394645897398991e+00,1.821013053044027608e+00
2.658099999999999952e+01,3.610899999999999999e+00,2.687816429138183594e+01,3.938540935516357422e+00,nan,nan,5.263300571274953654e+00,3.460230542866240544e+00,1.803067525013632100e+00
2.639900000000000091e+01,3.726799999999999891e+00,2.707548332214355469e+01,4.024013042449951172e+00,nan,nan,5.260578427148061564e+00,3.460668994633208317e+00,1.799914022072500508e+00
2.651999999999999957e+01,3.784699999999999953e+00,2.698309516906738281e+01,3.993298053741455078e+00,nan,nan,5.256610069108205607e+00,3.460224761215697331e+00,1.796389897450155537e+00
2.530699999999999861e+01,3.668800000000000061e+00,2.678292655944824219e+01,3.907291412353515625e+00,nan,nan,5.265960488152700236e+00,3.467031850067626042e+00,1.798951049431509297e+00
2.227199999999999847e+01,3.070199999999999818e+00,2.746314811706542969e+01,4.152279376983642578e+00,nan,nan,5.435039791894155314e+00,3.542054845539580388e+00,1.893003006561941426e+00
2.894800000000000040e+01,3.900500000000000078e+00,2.746894073486328125e+01,4.156141281127929688e+00,nan,nan,5.260838303399282267e+00,3.464770986286650700e+00,1.796071310623831074e+00
3.143599999999999994e+01,4.325400000000000134e+00,2.746709823608398438e+01,4.153733730316162109e+00,nan,nan,5.300093087983327678e+00,3.507007612434874577e+00,1.793091912850088399e+00
2.882699999999999818e+01,4.054999999999999716e+00,2.739439964294433594e+01,4.110033512115478516e+00,nan,nan,5.255750450921254924e+00,3.464389516560088200e+00,1.791366000755972188e+00
2.603500000000000014e+01,3.417800000000000171e+00,2.734395217895507812e+01,4.086959362030029297e+00,nan,nan,5.293877157998281291e+00,3.463481797424803776e+00,1.830406447037405293e+00
2.488199999999999790e+01,3.070199999999999818e+00,2.729718589782714844e+01,4.060770511627197266e+00,nan,nan,5.353774938416677287e+00,3.476484908310423894e+00,1.877336819752401631e+00
2.591400000000000148e+01,3.321299999999999919e+00,2.727205467224121094e+01,4.044809818267822266e+00,nan,nan,5.301755461526113322e+00,3.464123203007231755e+00,1.837646206005758565e+00
2.694500000000000028e+01,3.572299999999999809e+00,2.733362388610839844e+01,4.081886768341064453e+00,nan,nan,5.272558126282888225e+00,3.458690358845244450e+00,1.813863654717153828e+00
2.730900000000000105e+01,4.113000000000000433e+00,2.746890449523925781e+01,4.155878543853759766e+00,nan,nan,5.248298678231435588e+00,3.457962049690733952e+00,1.790340502842611592e+00
2.779500000000000171e+01,3.688099999999999934e+00,2.746935272216796875e+01,4.156196594238281250e+00,nan,nan,5.267772588563161662e+00,3.458239986149321599e+00,1.809536417111105244e+00
2.749099999999999966e+01,3.668800000000000061e+00,2.746964263916015625e+01,4.157118320465087891e+00,nan,nan,5.268854889702993205e+00,3.457870854584227605e+00,1.810987849816030781e+00
2.743099999999999739e+01,3.668800000000000061e+00,2.740201377868652344e+01,4.117315292358398438e+00,nan,nan,5.266004595589834025e+00,3.458098842350493474e+00,1.807902773007101338e+00
2.773400000000000176e+01,3.610899999999999999e+00,2.738257789611816406e+01,4.102517127990722656e+00,nan,nan,5.270103010964589885e+00,3.458531512466918034e+00,1.811564524754232686e+00
2.755199999999999960e+01,3.707500000000000018e+00,2.740177726745605469e+01,4.109645843505859375e+00,nan,nan,5.262509975266652873e+00,3.458054138866911931e+00,1.804452081307119649e+00
2.724900000000000233e+01,3.572299999999999809e+00,2.740608024597167969e+01,4.113234519958496094e+00,nan,nan,5.273801598382192424e+00,3.458020939079772038e+00,1.815775890930837910e+00
2.718800000000000239e+01,3.495000000000000107e+00,2.736347198486328125e+01,4.096213340759277344e+00,nan,nan,5.280593309235769084e+00,3.458395554272185368e+00,1.822189350708669942e+00
2.797699999999999676e+01,3.321299999999999919e+00,2.746898651123046875e+01,4.155968189239501953e+00,nan,nan,5.309943828416066935e+00,3.458700730053435368e+00,1.851246376618093770e+00
2.840199999999999747e+01,3.881200000000000205e+00,2.746895217895507812e+01,4.155968666076660156e+00,nan,nan,5.257516059708791545e+00,3.460628165451537175e+00,1.796891828163809102e+00
2.409300000000000352e+01,3.050899999999999945e+00,2.746680831909179688e+01,4.154516696929931641e+00,nan,nan,5.390734824967580607e+00,3.493616236893187565e+00,1.897127051933950703e+00
2.494300000000000139e+01,3.224699999999999900e+00,2.744197082519531250e+01,4.143908023834228516e+00,nan,nan,5.341843638253408244e+00,3.477433635441313786e+00,1.864428480251974385e+00
2.737000000000000099e+01,3.746100000000000207e+00,2.741325950622558594e+01,4.137026309967041016e+00,nan,nan,5.261896405053335002e+00,3.458062245098601384e+00,1.803835292442983906e+00
2.943300000000000338e+01,5.059099999999999930e+00,2.847442245483398438e+01,4.509142398834228516e+00,nan,nan,5.289236221146779826e+00,3.464884950367461247e+00,1.824412842377371113e+00
4.824699999999999989e+01,8.689299999999999358e+00,3.109092140197753906e+01,5.201832771301269531e+00,nan,nan,7.145313534569936564e+00,4.364817811695585803e+00,2.829696853741354268e+00
4.248100000000000165e+01,6.854899999999999771e+00,3.447976684570312500e+01,5.860623359680175781e+00,nan,nan,5.575862083268361857e+00,3.676792933193694157e+00,1.910699923618978779e+00
2.494300000000000139e+01,3.861899999999999888e+00,2.760844230651855469e+01,4.229163646697998047e+00,nan,nan,5.286356839966970256e+00,3.482375218121062321e+00,1.804026325329489033e+00
1.055999999999999872e+01,3.282600000000002183e-01,1.843279838562011719e+01,1.860573172569274902e+00,nan,nan,5.691441807580190471e+00,3.681868983952055974e+00,2.042518337353414815e+00
2.215099999999999980e+01,3.186100000000000154e+00,2.738745498657226562e+01,4.170891284942626953e+00,nan,nan,5.420098814797597697e+00,3.544299675671111149e+00,1.875807066544241231e+00
4.284499999999999886e+01,7.550099999999999589e+00,2.938486862182617188e+01,4.890150070190429688e+00,nan,nan,6.398984703850942424e+00,4.022385908810148791e+00,2.405314286335653584e+00
4.848899999999999721e+01,8.052099999999999369e+00,2.769491004943847656e+01,4.247518539428710938e+00,nan,nan,7.827116522622304728e+00,4.802223040310392932e+00,3.045105894192404072e+00
3.422800000000000153e+01,5.387400000000000411e+00,2.777905464172363281e+01,4.323963165283203125e+00,nan,nan,5.480800781083303264e+00,3.588896884171019597e+00,1.892219145878500264e+00
1.444400000000000084e+01,9.075499999999996348e-01,2.649412155151367188e+01,3.855719566345214844e+00,nan,nan,6.427930149865346721e+00,3.911670996395598454e+00,2.542212565525717061e+00
9.224500000000002586e+00,1.409600000000000186e+00,2.746898460388183594e+01,4.155966758728027344e+00,nan,nan,6.945690903496938517e+00,4.495246483532438830e+00,2.450470049961752217e+00
3.271099999999999852e+01,5.464599999999999902e+00,2.747005462646484375e+01,4.157052516937255859e+00,nan,nan,5.483581456971364787e+00,3.543509854523192448e+00,1.940107842072195332e+00
4.994600000000000506e+01,9.480999999999999872e+00,2.747206115722656250e+01,4.158611297607421875e+00,nan,nan,9.293715510201650432e+00,5.031795574871550158e+00,4.264639337643331807e+00
3.968999999999999773e+01,6.275599999999999845e+00,2.941560363769531250e+01,4.809447288513183594e+00,nan,nan,5.775226626229482463e+00,3.791618062702666325e+00,1.998386939152426045e+00
2.166499999999999915e+01,3.610899999999999999e+00,2.747407150268554688e+01,4.161695003509521484e+00,nan,nan,5.380011353326040080e+00,3.563080383984099431e+00,1.816948135479635518e+00
1.055999999999999872e+01,1.235800000000000232e+00,2.740483665466308594e+01,4.126703262329101562e+00,nan,nan,6.854690346551137736e+00,4.341569020000944690e+00,2.519637425526327412e+00
2.506400000000000006e+01,4.344699999999999562e+00,2.712360954284667969e+01,4.116132736206054688e+00,nan,nan,5.268195543122487834e+00,3.472671224323760075e+00,1.795507093056387227e+00
4.490899999999999892e+01,7.395599999999999952e+00,2.758121871948242188e+01,4.221851825714111328e+00,nan,nan,7.039251837563710978e+00,4.392416073528776721e+00,2.662324269398397725e+00
4.460499999999999687e+01,7.685200000000000031e+00,2.760018157958984375e+01,4.211508274078369141e+00,nan,nan,7.186753067803579142e+00,4.358068777767668323e+00,2.839732726200765889e+00
3.125400000000000134e+01,5.097699999999999676e+00,2.761468124389648438e+01,4.236605644226074219e+00,nan,nan,5.356637630295949748e+00,3.499836339203368230e+00,1.856887002571768086e+00
1.116600000000000037e+01,1.370999999999999996e+00,2.726076126098632812e+01,4.068064689636230469e+00,nan,nan,6.671761069131093791e+00,4.263697101322660998e+00,2.423968155964559834e+00
1.492900000000000027e+01,1.544799999999999951e+00,2.742985153198242188e+01,4.141897678375244141e+00,nan,nan,6.323512587380605510e+00,3.944939448086272282e+00,2.380400379284567158e+00
3.629099999999999682e+01,6.372200000000000308e+00,2.797599983215332031e+01,4.390472888946533203e+00,nan,nan,5.808788571191030314e+00,3.674774839130888981e+00,2.136822183712667744e+00
5.115999999999999659e+01,8.727999999999999758e+00,4.280377197265625000e+01,7.917548656463623047e+00,nan,nan,5.597688469720083049e+00,3.707293225971709294e+00,1.900869269951528828e+00
3.968999999999999773e+01,6.314300000000000246e+00,3.308229064941406250e+01,5.415178298950195312e+00,nan,nan,5.491895112824636271e+00,3.612285091129790349e+00,1.886123378857321065e+00
2.057300000000000040e+01,2.915799999999999947e+00,2.734529113769531250e+01,4.111414909362792969e+00,nan,nan,5.517147574258046916e+00,3.601244582382689519e+00,1.916056950672811787e+00
6.372199999999999420e+00,6.951499999999999346e-01,2.746770286560058594e+01,4.154993057250976562e+00,nan,nan,7.681976828408437541e+00,4.844755961147795276e+00,2.837670405491537373e+00
2.591400000000000148e+01,4.209500000000000242e+00,2.768376731872558594e+01,4.241676330566406250e+00,nan,nan,5.261435541939931682e+00,3.468529774395476384e+00,1.792936463936514180e+00
4.939999999999999858e+01,8.805199999999999250e+00,2.992970466613769531e+01,4.917107105255126953e+00,nan,nan,7.654375586343007853e+00,4.626173330990324573e+00,3.081412036999410908e+00
4.600100000000000477e+01,7.569399999999999906e+00,2.927870750427246094e+01,4.756125450134277344e+00,nan,nan,6.747374329400258830e+00,4.322124315945158557e+00,2.473822196110433858e+00
3.003999999999999915e+01,4.711599999999999788e+00,2.774523735046386719e+01,4.280313014984130859e+00,nan,nan,5.286323461365896037e+00,3.475529922691832585e+00,1.810895522221273701e+00
8.374900000000000233e+00,9.461699999999999555e-01,2.725148200988769531e+01,4.063300132751464844e+00,nan,nan,7.182837281060415080e+00,4.565931750980864123e+00,2.634081204518026631e+00
1.583900000000000041e+01,2.162700000000000067e+00,2.746701622009277344e+01,4.155031681060791016e+00,nan,nan,6.016932997536855510e+00,3.879275037495146794e+00,2.137725909336752217e+00
3.920400000000000063e+01,7.028699999999999726e+00,2.749410057067871094e+01,4.175090312957763672e+00,nan,nan,6.384918246102529338e+00,3.885287715641509099e+00,2.501615603550619404e+00
4.903499999999999659e+01,8.863099999999999312e+00,3.021710395812988281e+01,5.243150711059570312e+00,nan,nan,7.306754145455556682e+00,4.543926073757658557e+00,2.871250112637228291e+00
3.720100000000000051e+01,5.657700000000000173e+00,3.071834754943847656e+01,5.090750217437744141e+00,nan,nan,5.449296984505849650e+00,3.602756633011351628e+00,1.851578672512716572e+00
1.675000000000000000e+01,2.664699999999999847e+00,2.640318679809570312e+01,3.851066589355468750e+00,nan,nan,5.668303284478383830e+00,3.750948383060942692e+00,1.921651085003561299e+00
8.132099999999997664e+00,1.351700000000000124e+00,2.746854209899902344e+01,4.155500888824462891e+00,nan,nan,7.101055893731313517e+00,4.623124672619352893e+00,2.478205521687216084e+00
2.906900000000000261e+01,4.730900000000000105e+00,2.745035171508789062e+01,4.159841537475585938e+00,nan,nan,5.284922394585805705e+00,3.466129614559660954e+00,1.818794568165487568e+00
4.879299999999999926e+01,8.978999999999999204e+00,2.807088279724121094e+01,4.430134296417236328e+00,nan,nan,8.248707804513173869e+00,4.787518574444304065e+00,3.531043489559835713e+00
4.302700000000000102e+01,6.565299999999999692e+00,2.790153121948242188e+01,4.351566791534423828e+00,nan,nan,6.373837027383046916e+00,4.169453336445341662e+00,2.222986181362814229e+00
2.615599999999999881e+01,4.209500000000000242e+00,2.756646919250488281e+01,4.198444843292236328e+00,nan,nan,5.256577882600026896e+00,3.464566899982939763e+00,1.792025645359701436e+00
1.183400000000000141e+01,5.792899999999998606e-01,2.647891426086425781e+01,3.841980934143066406e+00,nan,nan,6.797133478951650432e+00,4.124352647511015491e+00,2.706699569805807393e+00
2.057300000000000040e+01,3.340599999999999792e+00,2.470739555358886719e+01,3.691974163055419922e+00,nan,nan,5.332188639474111369e+00,3.522146238533507390e+00,1.810538848026937764e+00
4.205600000000000449e+01,7.125299999999999301e+00,2.807770347595214844e+01,4.421029567718505859e+00,nan,nan,6.469585690331655314e+00,4.066204382626066760e+00,2.425562818630880635e+00
4.794300000000000495e+01,8.129400000000000404e+00,2.750010681152343750e+01,4.176303863525390625e+00,nan,nan,7.894225630593496135e+00,4.759321285931120471e+00,3.146140535458273213e+00
3.525900000000000034e+01,5.677000000000000490e+00,2.824104881286621094e+01,4.423555374145507812e+00,nan,nan,5.548697624039846232e+00,3.614813043324004216e+00,1.937609871014303486e+00
1.414000000000000057e+01,1.641300000000000203e+00,2.739274597167968750e+01,4.121041297912597656e+00,nan,nan,6.329173598122793010e+00,4.005215241161833362e+00,2.328260739430136006e+00
1.250199999999999889e+01,1.158599999999999852e+00,2.729668807983398438e+01,4.089128494262695312e+00,nan,nan,6.666002783608632853e+00,4.139389349667082385e+00,2.538057287319845479e+00
3.264999999999999858e+01,5.541900000000000048e+00,2.872174072265625000e+01,4.661080360412597656e+00,nan,nan,5.378100189995961955e+00,3.511385871616850896e+00,1.867215593441671651e+00
4.964199999999999591e+01,8.959699999999999775e+00,5.340023803710937500e+01,1.003297233581542969e+01,nan,nan,5.497351322007375529e+00,3.561573697773467106e+00,1.945117731674856465e+00
4.187399999999999523e+01,6.816300000000000026e+00,3.474886322021484375e+01,5.636854171752929688e+00,nan,nan,5.563517365288930705e+00,3.637253357616911931e+00,1.935433228596395772e+00
2.348600000000000065e+01,4.190199999999999925e+00,2.749320220947265625e+01,4.166006565093994141e+00,nan,nan,5.298691305947500041e+00,3.508226110188017888e+00,1.790473123177236836e+00
6.797000000000000597e+00,1.332399999999999807e+00,2.335466766357421875e+01,3.042613506317138672e+00,nan,nan,6.333757910561757853e+00,4.301464750019560412e+00,2.063826282604879658e+00
2.087599999999999767e+01,3.263300000000000090e+00,2.746893882751464844e+01,4.155997753143310547e+00,nan,nan,5.453329357934194377e+00,3.593352688995848698e+00,1.859982748612112324e+00
4.417999999999999972e+01,8.206599999999999895e+00,2.749884605407714844e+01,4.180394172668457031e+00,nan,nan,7.521408829522329142e+00,4.324910237041960315e+00,3.201238115414327901e+00
4.861100000000000421e+01,7.743199999999999861e+00,3.108945655822753906e+01,5.267752647399902344e+00,nan,nan,6.679387602639394572e+00,4.401730729786406116e+00,2.327383478268331807e+00
3.258899999999999864e+01,5.271499999999999631e+00,2.800751686096191406e+01,4.398497581481933594e+00,nan,nan,5.387356314492421916e+00,3.525508417335997624e+00,1.862281938179678242e+00
1.292599999999999838e+01,9.075499999999996348e-01,2.651615142822265625e+01,3.841755628585815430e+00,nan,nan,6.531410727334218791e+00,4.032735420910368518e+00,2.533083994969076436e+00
1.286599999999999966e+01,1.950299999999999923e+00,2.734139060974121094e+01,4.106690883636474609e+00,nan,nan,6.303390059304433635e+00,4.110546423641691760e+00,2.198523958309835713e+00
3.544100000000000250e+01,6.063200000000000145e+00,2.899535560607910156e+01,4.797949314117431641e+00,nan,nan,5.531953844857412150e+00,3.592439843861113591e+00,1.942067523583120625e+00
5.073499999999999943e+01,8.882400000000000517e+00,3.300279235839843750e+01,5.808915615081787109e+00,nan,nan,6.945284399819570353e+00,4.419535114017973498e+00,2.595903356655782979e+00
3.859700000000000131e+01,6.391499999999999737e+00,2.835927391052246094e+01,4.401694774627685547e+00,nan,nan,5.919391188454824260e+00,3.786637737003813786e+00,2.140131195172018330e+00
1.814600000000000080e+01,2.683999999999999719e+00,2.248585510253906250e+01,3.280621767044067383e+00,nan,nan,5.376099262070852092e+00,3.537856890408049626e+00,1.840710898026174824e+00
8.556900000000002393e+00,2.124100000000002098e-01,2.664500808715820312e+01,3.905549764633178711e+00,nan,nan,7.419404301476674846e+00,4.473364068714628772e+00,2.971111734493917744e+00
2.415399999999999991e+01,3.977799999999999780e+00,2.747314071655273438e+01,4.158538818359375000e+00,nan,nan,5.285602960419851115e+00,3.492254091946135564e+00,1.793359358891195576e+00
4.678999999999999915e+01,8.341799999999999216e+00,2.790229606628417969e+01,4.454059600830078125e+00,nan,nan,7.628551039529043010e+00,4.567213727680693225e+00,3.085012634381002705e+00
4.472699999999999676e+01,7.665900000000000603e+00,2.948280334472656250e+01,4.827106475830078125e+00,nan,nan,6.622276577782827189e+00,4.178318096844206408e+00,2.486193974598593037e+00
4.867100000000000648e+01,8.650700000000000500e+00,5.347238922119140625e+01,1.005674171447753906e+01,nan,nan,5.579104218316274455e+00,3.585479094234953923e+00,2.007432540043539326e+00
4.211699999999999733e+01,6.912899999999999601e+00,6.700562286376953125e+01,1.092958831787109375e+01,nan,nan,8.113175902199941447e+00,5.188346220699797229e+00,3.100117405041403096e+00
2.469999999999999929e+01,3.823300000000000143e+00,2.730321502685546875e+01,4.124353885650634766e+00,nan,nan,5.283115539384084514e+00,3.482414139954100651e+00,1.800713677986807149e+00
9.345900000000000318e+00,2.510200000000000209e-01,-7.533330321311950684e-01,-2.054870367050170898e+00,nan,nan,6.004009280038076213e+00,3.808314992634306950e+00,2.266025145634359639e+00
1.948099999999999810e+01,3.243999999999999773e+00,2.746899223327636719e+01,4.155980110168457031e+00,nan,nan,5.519774231744008830e+00,3.656745864597807927e+00,1.863035042866415303e+00
4.235999999999999943e+01,7.434199999999999697e+00,2.747085952758789062e+01,4.158676147460937500e+00,nan,nan,6.876778874230581096e+00,4.148773624149809436e+00,2.728515704258627217e+00
4.788199999999999790e+01,8.612099999999999866e+00,3.213949966430664062e+01,5.678607940673828125e+00,nan,nan,6.693646941018300822e+00,4.222381545750151233e+00,2.527859886273092549e+00
3.410600000000000165e+01,5.078400000000000247e+00,3.004247093200683594e+01,4.946995258331298828e+00,nan,nan,5.343591961693960002e+00,3.522278620449553532e+00,1.822375257595724385e+00
1.407900000000000063e+01,2.741999999999999993e+00,2.733993911743164062e+01,4.102286815643310547e+00,nan,nan,5.959185156655507853e+00,4.005870296207914905e+00,1.956660945995992940e+00
1.292599999999999838e+01,1.448200000000000376e+00,2.746855735778808594e+01,4.155641555786132812e+00,nan,nan,6.548748764825063517e+00,4.116981817928801135e+00,2.431851823910421651e+00
3.307500000000000284e+01,5.792900000000000382e+00,2.746896171569824219e+01,4.156267642974853516e+00,nan,nan,5.580549750161367228e+00,3.555838300434599919e+00,2.024718959912008565e+00
4.806399999999999295e+01,8.785899999999999821e+00,4.072187042236328125e+01,8.028179168701171875e+00,nan,nan,5.577288422417836955e+00,3.666456057278166814e+00,1.927541692837423604e+00
3.956800000000000495e+01,6.121199999999999974e+00,2.851987648010253906e+01,4.501547813415527344e+00,nan,nan,5.859673533272939494e+00,3.840365959850798649e+00,2.029767830952352803e+00
2.263599999999999923e+01,4.054999999999999716e+00,2.745205307006835938e+01,4.153372764587402344e+00,nan,nan,5.321332845521169475e+00,3.530241204945097966e+00,1.791095574482626240e+00
1.037800000000000011e+01,8.496199999999998198e-01,2.715097808837890625e+01,4.039467334747314453e+00,nan,nan,6.984218869042592814e+00,4.332414461819181994e+00,2.672378857716268818e+00
2.494300000000000139e+01,3.823300000000000143e+00,2.521711349487304688e+01,3.921957015991210938e+00,nan,nan,5.263574037385183146e+00,3.467465712276946110e+00,1.796148141010946553e+00
4.527300000000000324e+01,7.801099999999999923e+00,2.795614814758300781e+01,4.391325473785400391e+00,nan,nan,7.143529686761098674e+00,4.389442040173063830e+00,2.786667783840841572e+00
4.618299999999999983e+01,7.627299999999999969e+00,2.794436836242675781e+01,4.317500114440917969e+00,nan,nan,7.212192568612294963e+00,4.491355253902922229e+00,2.741118271931356709e+00
3.222500000000000142e+01,5.986000000000000654e+00,2.748484611511230469e+01,4.167417049407958984e+00,nan,nan,5.607869181466298869e+00,3.527984275070677800e+00,2.079971035107321065e+00
6.797000000000000597e+00,5.020500000000001073e-01,2.746853446960449219e+01,4.155533313751220703e+00,nan,nan,7.747683081460195353e+00,4.789592339245329455e+00,2.958328683956808369e+00
1.492900000000000027e+01,1.564099999999999824e+00,2.745463562011718750e+01,4.150882244110107422e+00,nan,nan,6.322158846688466838e+00,3.946850492207060856e+00,2.375897725208944600e+00
3.774800000000000466e+01,6.546000000000000263e+00,2.751178359985351562e+01,4.185963630676269531e+00,nan,nan,6.061239275765615275e+00,3.784555865971098942e+00,2.277924140080160420e+00
5.091700000000000159e+01,9.094799999999999329e+00,2.895749664306640625e+01,4.722182273864746094e+00,nan,nan,8.281482729745107463e+00,4.945989920345793323e+00,3.408363302334493916e+00
4.005400000000000205e+01,6.990099999999999980e+00,2.891783142089843750e+01,4.553907871246337891e+00,nan,nan,6.141943011117177775e+00,3.846836163250456853e+00,2.310269196613973897e+00
1.541499999999999915e+01,3.050899999999999945e+00,2.746897506713867188e+01,4.155937194824218750e+00,nan,nan,5.807826790642934611e+00,3.910709573475371403e+00,1.897123416050619404e+00
1.062000000000000099e+01,5.213599999999996015e-01,2.734238243103027344e+01,4.103904724121093750e+00,nan,nan,7.216888699364858439e+00,4.328133060184965686e+00,2.903621514424032490e+00
2.749099999999999966e+01,4.615000000000000213e+00,2.775108909606933594e+01,4.332200050354003906e+00,nan,nan,5.260777864289480021e+00,3.460130883900176091e+00,1.800640006645864766e+00
4.776100000000000279e+01,8.534900000000000375e+00,3.138200569152832031e+01,5.531527519226074219e+00,nan,nan,6.772158179116445353e+00,4.284135534016142444e+00,2.557918270214742940e+00
4.593999999999999773e+01,7.279700000000000060e+00,3.052390861511230469e+01,5.040124893188476562e+00,nan,nan,6.385502610039907267e+00,4.192409350124846057e+00,2.236004193409628193e+00
2.658099999999999952e+01,4.460499999999999687e+00,2.749090385437011719e+01,4.190099716186523438e+00,nan,nan,5.258406672311025432e+00,3.461144222466002507e+00,1.797265072449392598e+00
7.282499999999998863e+00,5.599799999999999223e-01,2.641204261779785156e+01,3.820258140563964844e+00,nan,nan,7.244257006478505900e+00,4.588591052738676623e+00,2.704065998181051533e+00
1.820599999999999952e+01,2.780600000000000183e+00,2.744004249572753906e+01,4.150545120239257812e+00,nan,nan,5.678197893929677775e+00,3.723706318584929509e+00,1.954599280937856953e+00
4.047899999999999920e+01,7.395599999999999952e+00,2.747083854675292969e+01,4.157553672790527344e+00,nan,nan,6.691883835625844767e+00,3.985245420185576481e+00,2.707269986256307881e+00
4.861100000000000421e+01,8.457599999999999341e+00,4.662067413330078125e+01,9.248309135437011719e+00,nan,nan,5.478081378770070842e+00,3.543517543522368474e+00,1.935809810742086690e+00
3.635199999999999676e+01,5.696299999999999919e+00,2.792201423645019531e+01,4.324449062347412109e+00,nan,nan,5.639942440819936564e+00,3.681333734241972966e+00,1.962570984944052022e+00
1.577900000000000169e+01,2.124099999999999877e+00,2.744938850402832031e+01,4.147281646728515625e+00,nan,nan,6.030571493935781291e+00,3.882386161533843083e+00,2.148852069958395283e+00
1.153099999999999881e+01,1.428900000000000059e+00,2.746464347839355469e+01,4.153575897216796875e+00,nan,nan,6.688499007058339885e+00,4.249076558796415881e+00,2.439934213741964619e+00
2.979800000000000182e+01,5.232899999999999885e+00,2.746834182739257812e+01,4.156398773193359375e+00,nan,nan,5.366485867333608439e+00,3.474807812420378728e+00,1.891680975540823262e+00
4.745799999999999841e+01,8.824500000000000455e+00,4.837300872802734375e+01,9.650877952575683594e+00,nan,nan,5.474930081200795939e+00,3.538710905758391423e+00,1.944799800499624531e+00
4.223799999999999955e+01,6.546000000000000263e+00,2.748109245300292969e+01,4.163292884826660156e+00,nan,nan,6.422149691415029338e+00,4.136494948116789416e+00,2.287218649967855733e+00
2.646000000000000085e+01,4.286699999999999733e+00,2.747290420532226562e+01,4.158464908599853516e+00,nan,nan,5.253133091759877971e+00,3.461127592770110173e+00,1.792009790524191182e+00
9.952700000000000102e+00,7.144599999999998730e-01,2.712177276611328125e+01,4.031166076660156250e+00,nan,nan,7.095301184487539103e+00,4.373993946758757190e+00,2.743170698269552510e+00
2.093699999999999761e+01,3.108900000000000219e+00,2.516653442382812500e+01,3.757097244262695312e+00,nan,nan,5.357387218308645060e+00,3.523112251011382146e+00,1.835250933750814717e+00
4.260300000000000153e+01,7.356999999999999318e+00,2.847040367126464844e+01,4.581447601318359375e+00,nan,nan,6.508570704293447307e+00,4.079430534092436389e+00,2.457283099278158467e+00
4.976399999999999579e+01,7.936300000000000132e+00,2.795383644104003906e+01,4.323212146759033203e+00,nan,nan,7.828270945382314494e+00,4.934125258175383166e+00,2.921198566540426533e+00
3.362100000000000222e+01,5.657700000000000173e+00,2.762309265136718750e+01,4.241154193878173828e+00,nan,nan,5.537774834466176799e+00,3.570861174313078923e+00,1.967063267811483662e+00
8.981700000000000017e+00,1.197200000000000042e+00,2.744248199462890625e+01,4.141105175018310547e+00,nan,nan,7.062505516839223674e+00,4.519564940182219104e+00,2.547128995045370381e+00
1.280499999999999972e+01,1.544799999999999951e+00,2.745868492126464844e+01,4.151916503906250000e+00,nan,nan,6.511635575127797892e+00,4.127064658848295764e+00,2.385140021427816670e+00
3.440999999999999659e+01,6.159799999999999720e+00,2.746991157531738281e+01,4.156995773315429688e+00,nan,nan,5.749379429650502971e+00,3.608009590355406804e+00,2.141430218800253193e+00
5.000600000000000023e+01,8.998300000000000409e+00,3.219224929809570312e+01,5.794577121734619141e+00,nan,nan,6.975370201897817424e+00,4.427337004391203479e+00,2.649447281941122334e+00
4.229899999999999949e+01,6.487999999999999545e+00,2.896854782104492188e+01,4.646398067474365234e+00,nan,nan,6.088793549370961955e+00,4.011541201321135119e+00,2.098671157940573018e+00
2.215099999999999980e+01,3.456399999999999917e+00,2.743975830078125000e+01,4.156655311584472656e+00,nan,nan,5.378342304063039592e+00,3.545177115646849675e+00,1.833168526276296895e+00
7.828700000000001324e+00,9.075499999999996348e-01,2.741235923767089844e+01,4.129669666290283203e+00,nan,nan,7.338224205804067424e+00,4.651965452877531604e+00,2.694946368321127217e+00
2.318300000000000338e+01,3.707500000000000018e+00,2.703085708618164062e+01,4.092320442199707031e+00,nan,nan,5.310403618645864299e+00,3.505981280056487126e+00,1.804509242161459248e+00
4.424100000000000676e+01,8.457599999999999341e+00,2.802940750122070312e+01,4.406588554382324219e+00,nan,nan,7.414330515694814494e+00,4.274239732471952991e+00,3.183059652432150166e+00
4.678999999999999915e+01,7.762500000000000178e+00,2.753432655334472656e+01,4.196002006530761719e+00,nan,nan,7.493279490304189494e+00,4.612302376476774768e+00,2.893337329014486592e+00
3.295300000000000296e+01,5.290799999999999947e+00,2.789488220214843750e+01,4.312573432922363281e+00,nan,nan,5.418096337151723674e+00,3.539577974525939030e+00,1.879399259670919697e+00
1.122700000000000031e+01,1.081299999999999706e+00,2.689435195922851562e+01,3.960773706436157227e+00,nan,nan,6.710002455544668010e+00,4.220808817593107776e+00,2.510658343418783467e+00
1.596099999999999852e+01,2.085399999999999920e+00,2.676213645935058594e+01,3.941091537475585938e+00,nan,nan,5.910135063958364299e+00,3.823508335796843571e+00,2.098402340992636006e+00
3.671600000000000108e+01,6.121199999999999974e+00,2.751951408386230469e+01,4.222608566284179688e+00,nan,nan,5.828658137154775432e+00,3.721607996670256657e+00,2.107967575176901143e+00
5.255499999999999972e+01,8.631399999999999295e+00,2.765422439575195312e+01,4.244342327117919922e+00,nan,nan,8.812298331093984416e+00,5.385681702343473987e+00,3.453686435803121846e+00
3.944699999999999562e+01,6.430100000000000371e+00,2.753900909423828125e+01,4.190356254577636719e+00,nan,nan,6.127712282967763713e+00,3.899914933887969060e+00,2.229772885426229756e+00
1.675000000000000000e+01,2.278500000000000192e+00,2.746083450317382812e+01,4.150850772857666016e+00,nan,nan,5.912598404717641642e+00,3.815471126286040349e+00,2.097883303745931904e+00
8.435600000000000875e+00,6.758399999999995522e-01,2.746482849121093750e+01,4.153388500213623047e+00,nan,nan,7.432456765008168986e+00,4.586291147915373401e+00,2.847611625775045674e+00
2.785599999999999810e+01,4.595699999999999896e+00,2.748716545104980469e+01,4.166133880615234375e+00,nan,nan,5.265528592896657756e+00,3.458427740780364079e+00,1.807107408627218526e+00
4.818600000000000705e+01,8.805199999999999250e+00,2.747281646728515625e+01,4.158921241760253906e+00,nan,nan,8.470173392129140666e+00,4.794859959331999377e+00,3.677141388043112080e+00
4.672899999999999920e+01,7.105900000000000105e+00,2.778608322143554688e+01,4.303192138671875000e+00,nan,nan,7.018743309807973674e+00,4.572337938992033557e+00,2.471831400974935811e+00
4.660800000000000409e+01,7.607999999999999652e+00,2.838844299316406250e+01,4.499763965606689453e+00,nan,nan,7.066566262078481486e+00,4.485909058300505237e+00,2.621708591564840596e+00
2.858399999999999963e+01,4.692199999999999704e+00,2.767316246032714844e+01,4.236004352569580078e+00,nan,nan,5.271957788300710490e+00,3.461413516251097722e+00,1.810558994396871846e+00
6.918400000000001882e+00,5.986000000000002430e-01,2.626054000854492188e+01,3.789011955261230469e+00,nan,nan,7.230990919900136760e+00,4.612931801525602893e+00,2.666666944607443135e+00
1.899500000000000099e+01,2.529599999999999849e+00,2.260179519653320312e+01,3.318531990051269531e+00,nan,nan,5.376293334794240764e+00,3.517676605431090398e+00,1.860357184990591328e+00
3.962899999999999778e+01,6.970799999999999663e+00,2.781786155700683594e+01,4.305174827575683594e+00,nan,nan,6.294026646447377971e+00,3.893150641170989079e+00,2.410165150746053975e+00
5.006700000000000017e+01,8.322499999999999787e+00,2.784714508056640625e+01,4.337137222290039062e+00,nan,nan,8.104397330117421916e+00,4.990611864773283557e+00,3.152036626919454854e+00
3.786899999999999977e+01,5.947400000000000020e+00,2.775805664062500000e+01,4.273646354675292969e+00,nan,nan,5.813162121606069377e+00,3.777314020840178532e+00,2.039381225689596455e+00
1.492900000000000027e+01,1.911699999999999733e+00,2.721247291564941406e+01,4.064477920532226562e+00,nan,nan,6.120325121712880900e+00,3.928351952282439274e+00,2.197330911740011494e+00
1.171299999999999919e+01,1.351700000000000124e+00,2.740564346313476562e+01,4.128474235534667969e+00,nan,nan,6.681999478173452189e+00,4.224867536274443225e+00,2.463497479542440693e+00
3.016199999999999903e+01,5.136400000000000077e+00,2.744371223449707031e+01,4.187535762786865234e+00,nan,nan,5.350827607941823771e+00,3.481107069698821110e+00,1.869697709664053242e+00
4.994600000000000506e+01,8.650700000000000500e+00,2.828102302551269531e+01,4.513236522674560547e+00,nan,nan,8.091764006447988322e+00,4.910804583279142932e+00,3.241708000286764424e+00
4.363399999999999324e+01,7.241100000000000314e+00,2.775728034973144531e+01,4.262823581695556641e+00,nan,nan,6.791629586053090861e+00,4.242285682407866076e+00,2.562448938473409932e+00
2.658099999999999952e+01,4.228799999999999670e+00,2.749610710144042969e+01,4.176311016082763672e+00,nan,nan,5.251495632958608439e+00,3.460727109161864323e+00,1.790774186237997334e+00
8.435600000000000875e+00,4.827399999999997249e-01,2.395311737060546875e+01,3.225330829620361328e+00,nan,nan,6.581156763863759807e+00,4.200320436207304553e+00,2.441016753300375264e+00
2.069400000000000261e+01,3.031600000000000072e+00,2.641019630432128906e+01,3.967112064361572266e+00,nan,nan,5.433627042603689006e+00,3.563971950260649724e+00,1.870737155064291279e+00
4.187399999999999523e+01,7.376299999999999635e+00,2.812398910522460938e+01,4.452061176300048828e+00,nan,nan,6.556752714944082072e+00,4.046764446941862658e+00,2.530390818699545186e+00
5.043100000000000449e+01,8.341799999999999216e+00,2.787273406982421875e+01,4.316188335418701172e+00,nan,nan,8.187010321450429728e+00,5.036987616268644885e+00,3.186244924648947041e+00
3.489500000000000313e+01,5.522599999999999731e+00,2.765851402282714844e+01,4.262252807617187500e+00,nan,nan,5.552617821526723674e+00,3.621863736359129948e+00,1.931052406414694111e+00
9.649300000000000210e+00,1.351700000000000124e+00,2.733137321472167969e+01,4.093564510345458984e+00,nan,nan,6.864439043832021525e+00,4.430796696392546252e+00,2.445704181774801533e+00
1.365499999999999936e+01,1.699200000000000266e+00,2.698642730712890625e+01,4.020230293273925781e+00,nan,nan,6.263801369500356486e+00,4.011613918987761096e+00,2.262689312084860127e+00
3.362100000000000222e+01,5.754299999999999748e+00,2.788448905944824219e+01,4.363785743713378906e+00,nan,nan,5.524631414246755412e+00,3.561984850613127751e+00,1.963460405453390401e+00
5.115999999999999659e+01,9.191399999999999793e+00,3.039290809631347656e+01,5.230184078216552734e+00,nan,nan,7.773693117928701213e+00,4.779493881908903674e+00,3.096665342434591572e+00
4.169200000000000017e+01,6.430100000000000371e+00,2.857078933715820312e+01,4.532514572143554688e+00,nan,nan,6.091002735924917033e+00,3.994551135746489567e+00,2.114368875607198994e+00
2.208999999999999986e+01,3.475699999999999790e+00,2.715898513793945312e+01,4.080025672912597656e+00,nan,nan,5.363122138810354045e+00,3.539232982841979069e+00,1.824120243176168721e+00
8.314199999999999591e+00,9.654799999999998938e-01,2.576448059082031250e+01,3.660370349884033203e+00,nan,nan,6.772592577767568400e+00,4.397463752476225451e+00,2.421099145992941182e+00
2.251500000000000057e+01,4.074300000000000033e+00,2.738129425048828125e+01,4.152748107910156250e+00,nan,nan,5.322856459450918010e+00,3.532018019405852360e+00,1.790837426766104024e+00
4.527300000000000324e+01,7.781799999999999606e+00,2.773823356628417969e+01,4.284262657165527344e+00,nan,nan,7.236189160180288127e+00,4.413990213123808459e+00,2.845246513470358174e+00
4.417999999999999972e+01,8.457599999999999341e+00,2.757825469970703125e+01,4.214059829711914062e+00,nan,nan,7.653992209267812541e+00,4.316169215885649280e+00,3.350533683880514424e+00
3.392399999999999949e+01,5.136400000000000077e+00,2.786223793029785156e+01,4.305366992950439453e+00,nan,nan,5.429723653626638225e+00,3.574136389938841862e+00,1.856512208565420430e+00
1.128800000000000026e+01,1.119999999999999662e+00,2.604638671875000000e+01,3.723834514617919922e+00,nan,nan,6.486355814767080119e+00,4.134308530537138537e+00,2.381428797825521748e+00
1.365499999999999936e+01,1.699200000000000266e+00,2.699329757690429688e+01,3.998521089553833008e+00,nan,nan,6.251524720025258830e+00,4.012095286098967151e+00,2.254667003735250752e+00
3.507699999999999818e+01,6.005300000000000082e+00,2.763032150268554688e+01,4.344316005706787109e+00,nan,nan,5.666417393517690471e+00,3.631310297695647282e+00,2.035957654102987568e+00
5.219100000000000250e+01,8.747299999999999187e+00,2.782479858398437500e+01,4.314723014831542969e+00,nan,nan,8.750267062020498088e+00,5.301853968349943713e+00,3.483177145107931416e+00
3.975000000000000000e+01,6.526699999999999946e+00,2.747427558898925781e+01,4.160188198089599609e+00,nan,nan,6.207748684716420939e+00,3.927538348881255192e+00,2.280468543156332295e+00
1.699200000000000088e+01,2.239900000000000002e+00,2.740231513977050781e+01,4.126058101654052734e+00,nan,nan,5.896904740166860392e+00,3.795984102932463689e+00,2.103810985668844502e+00
7.039699999999999847e+00,2.896399999999994535e-01,2.745388984680175781e+01,4.147657871246337891e+00,nan,nan,7.840433630776601603e+00,4.756181074825773791e+00,3.088946302517599385e+00
2.749099999999999966e+01,4.672900000000000276e+00,2.775821685791015625e+01,4.268428802490234375e+00,nan,nan,5.267011198830800822e+00,3.459321691242705388e+00,1.807677705868429463e+00
4.873199999999999932e+01,8.612099999999999866e+00,2.782485771179199219e+01,4.307307720184326172e+00,nan,nan,8.184059653115468791e+00,4.816546036449919299e+00,3.392100294216818135e+00
4.709300000000000352e+01,7.588699999999999335e+00,2.805669021606445312e+01,4.408798694610595703e+00,nan,nan,7.196095976662832072e+00,4.580892636028776721e+00,2.657668908222860615e+00
2.961499999999999844e+01,4.808099999999999596e+00,2.772607421875000000e+01,4.266093730926513672e+00,nan,nan,5.289828452897268107e+00,3.470195605007659001e+00,1.819722910507864277e+00
9.467200000000001836e+00,1.062000000000000277e+00,2.722934722900390625e+01,4.064909934997558594e+00,nan,nan,6.996049437356191447e+00,4.438796116558561877e+00,2.574247320278829854e+00
1.753900000000000148e+01,2.626100000000000101e+00,2.620715522766113281e+01,3.936100721359252930e+00,nan,nan,5.637288603615957072e+00,3.695520116535674138e+00,1.944146772011465352e+00
3.768699999999999761e+01,6.835599999999999454e+00,2.748149871826171875e+01,4.164259910583496094e+00,nan,nan,6.195759091210561564e+00,3.782564117161284489e+00,2.414362152203268330e+00
5.188800000000000523e+01,8.496199999999999974e+00,3.461718750000000000e+01,6.383550643920898438e+00,nan,nan,6.498987707925039103e+00,4.365412189213285998e+00,2.201670129879659932e+00
3.884000000000000341e+01,5.812199999999999811e+00,2.804271697998046875e+01,4.365820884704589844e+00,nan,nan,5.797851357293325236e+00,3.822486712185393376e+00,1.980903466328329365e+00
1.656799999999999784e+01,2.452300000000000146e+00,2.670570564270019531e+01,3.956286191940307617e+00,nan,nan,5.768503699135976603e+00,3.779813005177031560e+00,1.992204745396322529e+00
1.049899999999999878e+01,1.235800000000000232e+00,2.252695465087890625e+01,2.920469284057617188e+00,nan,nan,5.942174706292348674e+00,3.914131714550505681e+00,2.063665111645407002e+00
2.931199999999999761e+01,4.827399999999999913e+00,2.662505531311035156e+01,4.160284519195556641e+00,nan,nan,5.314399394822316935e+00,3.483680559841643376e+00,1.830762584789938252e+00
4.982399999999999807e+01,8.631399999999999295e+00,2.958933258056640625e+01,4.914124965667724609e+00,nan,nan,7.628318342995839885e+00,4.720131947247038440e+00,2.966776331051534932e+00
4.509100000000000108e+01,7.163899999999999935e+00,2.889228248596191406e+01,4.549390792846679688e+00,nan,nan,6.635136637520986369e+00,4.271690561024199084e+00,2.386962850674337666e+00
2.488199999999999790e+01,3.977799999999999780e+00,2.744386482238769531e+01,4.145462036132812500e+00,nan,nan,5.271396908593374064e+00,3.478573931900511784e+00,1.792827089413351338e+00
6.918400000000001882e+00,7.917000000000000703e-01,2.613278007507324219e+01,3.730517864227294922e+00,nan,nan,7.077691349816518596e+00,4.596200658527861194e+00,2.534870107754415791e+00
2.178699999999999903e+01,3.186100000000000154e+00,2.752523231506347656e+01,4.195888996124267578e+00,nan,nan,5.441093716454702189e+00,3.561087204662810368e+00,1.880071600063986104e+00
4.248100000000000165e+01,7.530800000000000161e+00,2.759752464294433594e+01,4.225306987762451172e+00,nan,nan,6.879695210290151408e+00,4.147944046703825549e+00,2.740219672306722920e+00
5.055300000000000438e+01,8.515599999999999170e+00,2.754727745056152344e+01,4.194614887237548828e+00,nan,nan,8.509823832345205119e+00,5.105758978573332385e+00,3.415212829693502705e+00
3.665500000000000114e+01,5.831500000000000128e+00,2.749073028564453125e+01,4.171158790588378906e+00,nan,nan,5.751466545891958049e+00,3.719694091526518864e+00,2.032050808056539815e+00
1.383699999999999974e+01,1.621999999999999886e+00,2.733671188354492188e+01,4.098535060882568359e+00,nan,nan,6.345010790658193400e+00,4.025707914082060412e+00,2.326769550427145283e+00
1.274400000000000155e+01,1.119999999999999662e+00,2.657637596130371094e+01,3.884807825088500977e+00,nan,nan,6.480659756493764689e+00,4.053238584248076037e+00,2.454310377224630635e+00
3.186100000000000065e+01,5.155700000000000394e+00,2.849929046630859375e+01,4.567310333251953125e+00,nan,nan,5.325908455681997111e+00,3.497755839077483220e+00,1.828360577210134785e+00
5.134199999999999875e+01,8.921099999999999142e+00,5.365813064575195312e+01,1.012292098999023438e+01,nan,nan,5.499164137673574260e+00,3.538725270477782292e+00,1.967797358616537373e+00
4.260300000000000153e+01,6.932199999999999918e+00,3.400291061401367188e+01,5.645910263061523438e+00,nan,nan,5.651398930382924846e+00,3.704952789989958806e+00,1.960183222874349873e+00
2.257600000000000051e+01,3.475699999999999790e+00,2.730169677734375000e+01,4.097366809844970703e+00,nan,nan,5.353633556199270060e+00,3.528128518311034245e+00,1.825641413315481465e+00
7.464600000000000790e+00,7.723899999999996879e-01,1.127693653106689453e+01,5.260012745857238770e-01,nan,nan,5.449306521249013713e+00,3.570284320560942692e+00,1.882530649288839619e+00
2.391099999999999781e+01,3.572299999999999809e+00,2.627080154418945312e+01,4.019883632659912109e+00,nan,nan,5.291487846207814982e+00,3.480404628960143132e+00,1.811110873802847188e+00
4.424100000000000676e+01,8.013500000000000512e+00,2.985677146911621094e+01,5.067091941833496094e+00,nan,nan,6.597930226159292033e+00,4.100872470585356311e+00,2.536433060749716084e+00
4.873199999999999932e+01,8.206599999999999895e+00,2.882525253295898438e+01,4.536552429199218750e+00,nan,nan,7.594219240975576213e+00,4.682960106579313830e+00,2.951832016094869893e+00
3.210399999999999920e+01,4.846700000000000230e+00,2.754698181152343750e+01,4.199240684509277344e+00,nan,nan,5.350767168832021525e+00,3.523144616333495183e+00,1.827640791519827168e+00
2.142300000000000182e+01,3.301899999999999835e+00,2.723476982116699219e+01,4.151329517364501953e+00,nan,nan,5.418018135857778361e+00,3.564094318596373601e+00,1.853924353703207295e+00
4.163199999999999790e+01,7.569399999999999906e+00,2.794803047180175781e+01,4.364416122436523438e+00,nan,nan,6.696393999886709025e+00,4.041127993313322619e+00,2.676459749325460713e+00
4.915699999999999648e+01,8.013500000000000512e+00,2.758020973205566406e+01,4.219414234161376953e+00,nan,nan,7.921906027627187541e+00,4.906444622723112658e+00,3.034727295025533955e+00
3.489500000000000313e+01,5.329500000000000348e+00,2.774840545654296875e+01,4.271867275238037109e+00,nan,nan,5.510129604172902873e+00,3.618244423119078679e+00,1.893143256291097920e+00
1.086299999999999955e+01,1.235800000000000232e+00,2.703003883361816406e+01,3.990822553634643555e+00,nan,nan,6.697851929497915080e+00,4.270062400547514514e+00,2.450223763569540303e+00
1.401900000000000013e+01,1.564099999999999824e+00,2.706935691833496094e+01,4.021607398986816406e+00,nan,nan,6.293581995797353557e+00,3.988636328426848454e+00,2.318733533009237568e+00
3.307500000000000284e+01,5.638399999999999856e+00,2.815334510803222656e+01,4.572203159332275391e+00,nan,nan,5.433526668381887248e+00,3.536661459652434392e+00,1.897384484394735615e+00
4.903499999999999659e+01,9.036899999999999267e+00,2.896513366699218750e+01,4.675725936889648438e+00,nan,nan,8.066238913369375041e+00,4.703375174252043323e+00,3.414594133480734151e+00
4.187399999999999523e+01,6.932199999999999918e+00,2.832301712036132812e+01,4.406404495239257812e+00,nan,nan,6.364109310937124064e+00,4.029931260792265491e+00,2.348149378880209248e+00
2.281800000000000139e+01,3.552999999999999936e+00,2.735890007019042969e+01,4.117089271545410156e+00,nan,nan,5.343031797242360881e+00,3.523672415462981267e+00,1.819366653546041768e+00
8.314199999999999591e+00,7.723899999999996879e-01,1.627704811096191406e+01,1.407013058662414551e+00,nan,nan,5.564269575905996135e+00,3.688112332073699040e+00,1.890209158047384541e+00
2.251500000000000057e+01,3.610899999999999999e+00,2.658096122741699219e+01,4.030761718750000000e+00,nan,nan,5.320909771752553752e+00,3.512879087177763981e+00,1.808129747494406026e+00
4.466600000000000392e+01,8.052099999999999369e+00,3.227976608276367188e+01,5.731562614440917969e+00,nan,nan,6.174644265008168986e+00,3.939178659168730778e+00,2.267840583904928486e+00
4.733600000000000563e+01,8.129400000000000404e+00,4.658133316040039062e+01,7.824212551116943359e+00,nan,nan,5.366557512116628459e+00,3.517389787880431218e+00,1.851273675545400899e+00
2.998000000000000043e+01,5.213599999999999568e+00,2.757152748107910156e+01,4.206016540527343750e+00,nan,nan,5.356844696831899455e+00,3.476914419380675358e+00,1.879932423218435567e+00
5.765299999999999869e+00,4.634299999999997866e-01,2.460256958007812500e+01,3.367092370986938477e+00,nan,nan,7.021791729760366252e+00,4.549208833424101428e+00,2.519751866444296162e+00
1.462599999999999945e+01,1.776499999999999968e+00,2.746444702148437500e+01,4.155156135559082031e+00,nan,nan,6.257045063805776408e+00,3.971567584721098942e+00,2.285509904011434834e+00
3.622999999999999687e+01,6.603900000000000325e+00,2.747032928466796875e+01,4.157436370849609375e+00,nan,nan,6.011009964776235392e+00,3.697041584698210759e+00,2.314113338574117940e+00
4.921800000000000352e+01,9.365199999999999747e+00,2.755109596252441406e+01,4.202139854431152344e+00,nan,nan,8.993208918404775432e+00,4.919092966763029651e+00,4.094710310085958760e+00
3.987199999999999989e+01,6.198400000000000354e+00,3.064258956909179688e+01,5.080416679382324219e+00,nan,nan,5.649134669137197307e+00,3.733243777004729314e+00,1.930112798794454854e+00
1.881299999999999883e+01,2.857800000000000118e+00,2.735734748840332031e+01,4.122154235839843750e+00,nan,nan,5.616429362130361369e+00,3.685784889904509587e+00,1.931202014073080342e+00
1.068100000000000094e+01,1.409600000000000186e+00,2.557131767272949219e+01,3.617488861083984375e+00,nan,nan,6.334248814416127971e+00,4.145170046535978869e+00,2.222579916104025166e+00
2.567099999999999937e+01,4.383300000000000196e+00,2.537970542907714844e+01,3.994671344757080078e+00,nan,nan,5.274137410950856975e+00,3.466709090916167302e+00,1.807520528420156758e+00
4.539399999999999835e+01,8.805199999999999250e+00,2.834943199157714844e+01,4.543821334838867188e+00,nan,nan,7.605789217782216838e+00,4.358294083324919299e+00,3.311513383969015401e+00
4.527300000000000324e+01,7.221799999999999997e+00,2.780642509460449219e+01,4.282868385314941406e+00,nan,nan,6.931570563149648478e+00,4.406404210773954944e+00,2.541719635113424580e+00
2.882699999999999818e+01,4.672900000000000276e+00,2.769849395751953125e+01,4.270210742950439453e+00,nan,nan,5.269923362565236857e+00,3.463321639744292302e+00,1.806602736099905293e+00
8.192800000000001859e+00,7.144599999999998730e-01,2.271427536010742188e+01,2.878020286560058594e+00,nan,nan,6.264215979409414103e+00,4.109463526455412463e+00,2.213362057789511006e+00
1.978400000000000247e+01,2.761299999999999866e+00,2.672016906738281250e+01,3.998754739761352539e+00,nan,nan,5.536991748643117717e+00,3.610960795132170720e+00,1.928043563946432393e+00
3.950800000000000267e+01,6.681099999999999817e+00,2.760273551940917969e+01,4.250296115875244141e+00,nan,nan,6.202770981621938517e+00,3.899779154507170720e+00,2.307458837612814229e+00
5.061299999999999955e+01,8.554199999999999804e+00,2.784761619567871094e+01,4.315063476562500000e+00,nan,nan,8.381032023263173869e+00,5.067833258358488635e+00,3.342272480114645283e+00
3.835399999999999920e+01,6.159799999999999720e+00,2.752020454406738281e+01,4.184012889862060547e+00,nan,nan,5.955364022088247111e+00,3.823804570881377263e+00,2.132755001171774190e+00
1.577900000000000169e+01,1.969599999999999795e+00,2.740938186645507812e+01,4.127740383148193359e+00,nan,nan,6.075226816964345744e+00,3.879606796947966618e+00,2.199025591000265401e+00
1.025599999999999667e+01,9.075499999999996348e-01,2.726149749755859375e+01,4.080265998840332031e+00,nan,nan,7.007665667367177775e+00,4.357405139652739123e+00,2.665340622051901143e+00
2.955499999999999972e+01,4.885299999999999976e+00,2.953541564941406250e+01,4.808596134185791016e+00,nan,nan,5.269463214707570842e+00,3.466807915417204899e+00,1.802719970329946797e+00
4.976399999999999579e+01,8.708600000000000563e+00,4.258420181274414062e+01,7.901934146881103516e+00,nan,nan,5.546461853814321330e+00,3.654941512791167302e+00,1.900814552887625020e+00
4.460499999999999687e+01,7.356999999999999318e+00,3.951537704467773438e+01,6.891191482543945312e+00,nan,nan,5.433369788956838420e+00,3.577840699402342839e+00,1.861434538944906514e+00
2.554899999999999949e+01,3.997100000000000097e+00,2.744197082519531250e+01,4.176316261291503906e+00,nan,nan,5.265061888528066447e+00,3.470761849133025212e+00,1.794314225300497334e+00
6.736299999999999955e+00,5.406699999999999839e-01,1.982206344604492188e+01,2.268879175186157227e+00,nan,nan,6.026922020745473674e+00,3.993490292278777165e+00,2.084505041226095479e+00
2.093699999999999761e+01,3.282599999999999962e+00,2.625453186035156250e+01,3.997227907180786133e+00,nan,nan,5.388404879403310588e+00,3.550497724262724919e+00,1.838145573719686787e+00
4.333100000000000307e+01,7.569399999999999906e+00,3.058499717712402344e+01,5.224956512451171875e+00,nan,nan,6.210676464867788127e+00,3.965627266613493962e+00,2.275672038181967061e+00
4.982399999999999807e+01,8.013500000000000512e+00,2.780381774902343750e+01,4.288987636566162109e+00,nan,nan,7.925389799905019572e+00,4.963680817333708362e+00,2.989657838925070088e+00
3.483500000000000085e+01,5.870099999999999874e+00,2.778834533691406250e+01,4.325744152069091797e+00,nan,nan,5.614870104623037150e+00,3.614074124542723698e+00,2.001280029400533955e+00
1.062000000000000099e+01,1.293700000000000294e+00,2.726216888427734375e+01,4.066948413848876953e+00,nan,nan,6.766861233544545939e+00,4.319677545277128772e+00,2.460363586529440205e+00
1.256200000000000117e+01,1.699200000000000266e+00,2.726804924011230469e+01,4.093727588653564453e+00,nan,nan,6.417079243493276408e+00,4.131351067272673205e+00,2.292323072537130635e+00
3.349900000000000233e+01,5.599800000000000111e+00,2.770334625244140625e+01,4.280385971069335938e+00,nan,nan,5.508698377442556193e+00,3.563434256760130925e+00,1.945965667351431172e+00
5.043100000000000449e+01,9.307199999999999918e+00,3.614797592163085938e+01,6.843241214752197266e+00,nan,nan,6.353890213799672892e+00,4.089402152744780139e+00,2.325263937100118916e+00
4.199600000000000222e+01,6.719800000000000217e+00,3.163554382324218750e+01,5.282919406890869141e+00,nan,nan,5.776956591439443400e+00,3.801218344418059392e+00,1.996067841633505147e+00
2.178699999999999903e+01,3.552999999999999936e+00,2.745145034790039062e+01,4.149967193603515625e+00,nan,nan,5.379418167901235392e+00,3.557942642418395085e+00,1.821488459690756123e+00
6.493600000000000705e+00,6.179100000000006254e-01,2.732649612426757812e+01,4.096661567687988281e+00,nan,nan,7.630231413674550822e+00,4.807554318157682971e+00,2.840561111553854268e+00
2.269699999999999918e+01,3.803999999999999826e+00,2.746500778198242188e+01,4.156090736389160156e+00,nan,nan,5.329808149171071818e+00,3.528752876965056462e+00,1.801059623345083516e+00
4.357399999999999807e+01,8.245200000000000529e+00,2.747186660766601562e+01,4.158531188964843750e+00,nan,nan,7.512726578545766642e+00,4.265882446018705920e+00,3.248684604748434346e+00
4.672899999999999920e+01,7.685200000000000031e+00,2.940307617187500000e+01,4.866340637207031250e+00,nan,nan,6.815242800545888713e+00,4.385585381237516955e+00,2.476370175465292256e+00
3.301400000000000290e+01,5.078400000000000247e+00,2.781290245056152344e+01,4.286004543304443359e+00,nan,nan,5.394339117837148478e+00,3.543961359707366032e+00,1.851181407555288594e+00
1.238000000000000078e+01,1.409600000000000186e+00,2.729838752746582031e+01,4.091754913330078125e+00,nan,nan,6.563305411172109416e+00,4.151052190510283069e+00,2.418853242977804463e+00
1.511099999999999888e+01,2.008199999999999985e+00,2.686755561828613281e+01,3.974208831787109375e+00,nan,nan,6.013590369057851603e+00,3.889452530590544743e+00,2.131905873402303975e+00
3.459199999999999875e+01,5.966700000000000337e+00,2.790402984619140625e+01,4.389973640441894531e+00,nan,nan,5.610179695916372111e+00,3.598798288551817937e+00,2.013196070774740498e+00
5.152399999999999380e+01,8.534900000000000375e+00,2.772092247009277344e+01,4.287266731262207031e+00,nan,nan,8.515916857552724650e+00,5.217881514278898791e+00,3.336576898678488057e+00
4.005400000000000205e+01,6.449399999999999800e+00,2.765866661071777344e+01,4.237014293670654297e+00,nan,nan,6.151787791085439494e+00,3.936897112576018376e+00,2.219807346447653096e+00
1.851000000000000156e+01,2.645399999999999974e+00,2.670308685302734375e+01,3.932118892669677734e+00,nan,nan,5.607758793664174846e+00,3.669620944706450505e+00,1.941178758724874776e+00
8.921099999999999142e+00,9.654799999999998938e-01,2.715952873229980469e+01,4.039478302001953125e+00,nan,nan,7.075775179696279338e+00,4.490954591480742053e+00,2.609179456814474385e+00
2.682400000000000162e+01,4.479800000000000004e+00,2.730328178405761719e+01,4.234147548675537109e+00,nan,nan,5.257694992852407267e+00,3.460417820660124821e+00,1.797281165703481953e+00
4.806399999999999295e+01,8.708600000000000563e+00,3.010619163513183594e+01,5.087012290954589844e+00,nan,nan,7.289340290856557658e+00,4.452192856518278674e+00,2.900766451939291279e+00
4.697200000000000131e+01,7.414900000000000269e+00,2.810867500305175781e+01,4.357781887054443359e+00,nan,nan,7.144094023537832072e+00,4.562346293179045276e+00,2.602835615261740010e+00
3.058599999999999852e+01,4.981900000000000439e+00,2.771345710754394531e+01,4.284051418304443359e+00,nan,nan,5.320439729523855021e+00,3.485258354393492741e+00,1.835206766709036152e+00
8.799699999999997857e+00,5.599799999999999223e-01,2.442701530456542969e+01,3.265249013900756836e+00,nan,nan,6.569134030175405314e+00,4.210753514019499377e+00,2.423201163395590108e+00
1.729599999999999937e+01,2.587499999999999467e+00,2.163101959228515625e+01,3.039359092712402344e+00,nan,nan,5.373335752320485881e+00,3.541607333866606755e+00,1.834473212345785420e+00
3.865800000000000125e+01,6.700400000000000134e+00,2.767264175415039062e+01,4.281540870666503906e+00,nan,nan,6.130200657677846721e+00,3.834445549694548649e+00,2.302539427860922139e+00
5.182699999999999818e+01,8.380399999999999849e+00,2.778579521179199219e+01,4.280344486236572266e+00,nan,nan,8.465947184395986369e+00,5.252764536587248401e+00,3.243629415615743916e+00
4.417999999999999972e+01,7.472800000000000331e+00,2.748191642761230469e+01,4.166865825653076172e+00,nan,nan,7.068449053597646525e+00,4.326738788334379748e+00,2.744270761593527119e+00
4.848899999999999721e+01,8.457599999999999341e+00,2.752236175537109375e+01,4.175596714019775391e+00,nan,nan,8.212521586251455119e+00,4.827009035793791369e+00,3.391331871136373799e+00
3.228600000000000136e+01,5.599800000000000111e+00,2.746953964233398438e+01,4.156449794769287109e+00,nan,nan,5.502805504632192424e+00,3.530204607693205876e+00,1.972609360798544209e+00
8.739000000000000767e+00,1.216500000000000359e+00,2.710675621032714844e+01,4.030920028686523438e+00,nan,nan,6.975330385995107463e+00,4.506894900051603869e+00,2.481254776104635518e+00
1.159099999999999753e+01,1.390299999999999869e+00,2.746893692016601562e+01,4.155915737152099609e+00,nan,nan,6.703312668633657267e+00,4.243583752361784533e+00,2.459750254734701436e+00
3.374199999999999733e+01,5.986000000000000654e+00,2.747028732299804688e+01,4.157576560974121094e+00,nan,nan,5.663529906106191447e+00,3.580495609489928288e+00,2.083119590862936299e+00
5.079500000000000171e+01,9.249299999999999855e+00,2.813094139099121094e+01,4.377081871032714844e+00,nan,nan,8.861971411538320353e+00,5.051667763439665393e+00,3.842757900341696065e+00
3.968999999999999773e+01,6.468700000000000117e+00,2.759770584106445312e+01,4.213727474212646484e+00,nan,nan,6.144294295144277385e+00,3.913812114445220036e+00,2.236388166531271260e+00
1.893400000000000105e+01,2.954400000000000137e+00,2.746747779846191406e+01,4.154815196990966797e+00,nan,nan,5.601506028008657267e+00,3.684846832005034489e+00,1.916736622437185567e+00
8.496199999999998198e+00,1.158599999999999852e+00,2.746878623962402344e+01,4.155733585357666016e+00,nan,nan,7.156000408959585002e+00,4.579694225040922717e+00,2.576425631626791279e+00
2.451800000000000068e+01,4.615000000000000213e+00,2.746898078918457031e+01,4.155971050262451172e+00,nan,nan,5.293693933320241740e+00,3.485028876511107487e+00,1.808668394669241231e+00
4.260300000000000153e+01,8.805199999999999250e+00,2.746904754638671875e+01,4.156078338623046875e+00,nan,nan,7.853594813180166057e+00,4.171686126438627795e+00,3.682025869473165791e+00
3.768699999999999761e+01,7.144599999999999618e+00,2.747011947631835938e+01,4.156967163085937500e+00,nan,nan,6.354185137582021525e+00,3.783223225323210759e+00,2.571244080647177022e+00
3.010099999999999909e+01,4.827399999999999913e+00,2.746901321411132812e+01,4.156014442443847656e+00,nan,nan,5.309170994591909221e+00,3.479482366291533513e+00,1.829693277462667744e+00
1.031700000000000017e+01,1.332399999999999807e+00,2.746861648559570312e+01,4.155560016632080078e+00,nan,nan,6.862289223504262736e+00,4.374686671940336780e+00,2.487776597126669209e+00
1.644599999999999795e+01,2.220600000000000129e+00,2.745987129211425781e+01,4.151116847991943359e+00,nan,nan,5.952306303811269572e+00,3.835972143856535954e+00,2.116857846363729756e+00
3.653399999999999892e+01,6.352899999999999991e+00,2.749601173400878906e+01,4.177570343017578125e+00,nan,nan,5.916563305688100627e+00,3.712604119030486149e+00,2.205167611225790303e+00
4.867100000000000648e+01,8.631399999999999295e+00,2.750600051879882812e+01,4.178271293640136719e+00,nan,nan,8.355893645119863322e+00,4.852979733196745471e+00,3.513491590603536885e+00
3.756600000000000250e+01,6.333599999999999675e+00,2.753862762451171875e+01,4.186552524566650391e+00,nan,nan,5.963968310189443400e+00,3.771544172016631169e+00,2.194459398373312276e+00
1.753900000000000148e+01,2.626100000000000101e+00,2.745895004272460938e+01,4.150584220886230469e+00,nan,nan,5.758552107644277385e+00,3.764619423595915837e+00,1.994278867825216572e+00
1.068100000000000094e+01,6.179100000000006254e-01,2.746835517883300781e+01,4.155368804931640625e+00,nan,nan,7.220913920235830119e+00,4.336154653278837756e+00,2.885089715107626240e+00
2.670199999999999818e+01,4.421899999999999942e+00,2.785394096374511719e+01,4.305827140808105469e+00,nan,nan,5.259030017686086467e+00,3.463585807529936833e+00,1.795454640968984883e+00
4.757899999999999352e+01,8.998300000000000409e+00,2.971940994262695312e+01,4.869033813476562500e+00,nan,nan,7.638885531258779338e+00,4.443533970562468127e+00,3.244735439404196065e+00
4.503000000000000114e+01,7.588699999999999335e+00,2.938968658447265625e+01,4.755200386047363281e+00,nan,nan,6.659625563454824260e+00,4.215658737865934924e+00,2.484753330334371846e+00
2.779500000000000171e+01,4.479800000000000004e+00,2.774109077453613281e+01,4.299824714660644531e+00,nan,nan,5.256605539155202678e+00,3.460627688614378972e+00,1.795983512982076924e+00
7.889399999999998414e+00,4.054999999999999716e-01,2.706727409362792969e+01,3.998712778091430664e+00,nan,nan,7.474263224435048869e+00,4.599892093388090686e+00,2.903795798405355733e+00
1.844900000000000162e+01,2.819199999999999484e+00,2.744854736328125000e+01,4.152020931243896484e+00,nan,nan,5.656062636208730510e+00,3.710345341412077946e+00,1.945754666908926289e+00
3.993199999999999505e+01,7.221799999999999997e+00,2.752435493469238281e+01,4.189696311950683594e+00,nan,nan,6.524392161202626994e+00,3.937741233555327458e+00,2.591424663647360127e+00
5.000600000000000023e+01,8.476900000000000546e+00,2.763551521301269531e+01,4.246697902679443359e+00,nan,nan,8.319361719918447307e+00,5.014190270153532580e+00,3.331704099758810322e+00
3.659499999999999886e+01,5.908800000000000274e+00,2.773187255859375000e+01,4.266155242919921875e+00,nan,nan,5.731107029748159221e+00,3.703677131382475896e+00,2.030281384571737568e+00
1.371499999999999986e+01,1.699200000000000266e+00,2.709310531616210938e+01,4.018486022949218750e+00,nan,nan,6.264641794991689494e+00,4.015443278996000842e+00,2.262398202999777119e+00
1.037800000000000011e+01,1.332399999999999807e+00,2.727966117858886719e+01,4.077925205230712891e+00,nan,nan,6.778955254388051799e+00,4.346481634823332385e+00,2.447055776699728291e+00
3.052599999999999980e+01,5.059099999999999930e+00,2.901839065551757812e+01,4.766507148742675781e+00,nan,nan,5.282277498078542521e+00,3.473601116386900944e+00,1.808701654061025899e+00
4.939999999999999858e+01,8.901699999999999946e+00,4.915837478637695312e+01,9.059768676757812500e+00,nan,nan,5.372513446641164592e+00,3.518977357594023747e+00,1.855223377331442158e+00
4.363399999999999324e+01,6.874200000000000088e+00,3.070228195190429688e+01,4.917511463165283203e+00,nan,nan,6.093604359460073283e+00,3.980113341061125798e+00,2.133292992695516865e+00
2.306099999999999994e+01,3.803999999999999826e+00,2.723273086547851562e+01,4.081586837768554688e+00,nan,nan,5.311599049401479533e+00,3.513035430161009831e+00,1.798610170468038838e+00
6.979099999999998971e+00,7.723899999999996879e-01,1.769235229492187500e+01,1.776155352592468262e+00,nan,nan,5.735678229165273478e+00,3.830929710117827458e+00,1.924237092121786397e+00
2.294000000000000128e+01,3.321299999999999919e+00,2.787742805480957031e+01,4.313241958618164062e+00,nan,nan,5.415151271653371623e+00,3.536492838112364812e+00,1.878927548512167256e+00
4.369500000000000028e+01,7.858999999999999986e+00,2.958048629760742188e+01,4.931355953216552734e+00,nan,nan,6.576612982583242228e+00,4.077625347820768908e+00,2.530122359379476826e+00
4.879299999999999926e+01,8.167999999999999261e+00,2.997410964965820312e+01,4.825111389160156250e+00,nan,nan,7.248384032082753947e+00,4.548395945278654651e+00,2.751020510777181904e+00
3.356000000000000227e+01,5.368100000000000094e+00,2.785857582092285156e+01,4.357427597045898438e+00,nan,nan,5.444921169114309123e+00,3.561963154522429509e+00,1.883100410088247578e+00
1.001300000000000168e+01,1.100600000000000023e+00,2.401544189453125000e+01,3.178421735763549805e+00,nan,nan,6.213311228585439494e+00,4.067114426342497424e+00,2.178322513683981221e+00
1.256200000000000117e+01,1.699200000000000266e+00,2.740998840332031250e+01,4.136146545410156250e+00,nan,nan,6.452393565011220744e+00,4.144768668858061389e+00,2.310069163426107686e+00
3.416700000000000159e+01,6.140500000000000291e+00,2.837635803222656250e+01,4.548778057098388672e+00,nan,nan,5.582145485711293986e+00,3.565589679924498601e+00,2.018770773991293233e+00
4.994600000000000506e+01,9.133499999999999730e+00,5.923022079467773438e+01,1.113587856292724609e+01,nan,nan,5.888941321206289103e+00,3.759090615955840153e+00,2.162864168270773213e+00
4.084300000000000352e+01,6.758399999999999963e+00,3.867235183715820312e+01,6.601678848266601562e+00,nan,nan,5.350042376351552775e+00,3.513143135754118962e+00,1.838976820095724385e+00
2.026999999999999957e+01,3.166799999999999837e+00,2.741831016540527344e+01,4.132588386535644531e+00,nan,nan,5.489619407487111857e+00,3.617287291733275456e+00,1.872438033207601826e+00
7.343199999999999505e+00,8.303200000000003911e-01,2.668060684204101562e+01,3.884370565414428711e+00,nan,nan,7.170222077202993205e+00,4.615123583523283557e+00,2.595411856754965108e+00
2.445699999999999719e+01,4.035700000000000287e+00,2.843250274658203125e+01,4.518684864044189453e+00,nan,nan,5.329106125664907267e+00,3.512385560719023747e+00,1.817053516491598408e+00
4.539399999999999835e+01,8.032799999999999940e+00,3.142459678649902344e+01,5.432473182678222656e+00,nan,nan,6.403966936898427775e+00,4.064555837360869006e+00,2.379312952145284932e+00
4.757899999999999352e+01,7.897600000000000620e+00,2.772674369812011719e+01,4.260762214660644531e+00,nan,nan,7.599684271645742228e+00,4.683140351025114612e+00,2.936611493214315693e+00
3.125400000000000134e+01,5.194300000000000139e+00,2.800309944152832031e+01,4.412179470062255859e+00,nan,nan,5.342662367654043010e+00,3.494286014286528630e+00,1.848454018219656270e+00
9.345900000000000318e+00,9.654799999999998938e-01,2.321832847595214844e+01,2.942246437072753906e+00,nan,nan,6.158215317559438517e+00,4.055289937702665881e+00,2.151736219509786885e+00
1.626399999999999935e+01,2.162700000000000067e+00,2.680193519592285156e+01,3.990289449691772461e+00,nan,nan,5.885325703454213908e+00,3.805639459339629216e+00,2.086009700878805440e+00
3.677700000000000102e+01,6.372200000000000308e+00,2.812638664245605469e+01,4.490369319915771484e+00,nan,nan,5.794156822991567424e+00,3.692845060078154606e+00,2.105329831227011006e+00
5.176600000000000534e+01,8.669999999999999929e+00,3.821084594726562500e+01,7.121980190277099609e+00,nan,nan,6.034040245843129924e+00,4.030232025829802112e+00,2.035814960583395283e+00
3.877900000000000347e+01,6.159799999999999720e+00,2.773065567016601562e+01,4.259519577026367188e+00,nan,nan,5.943405184579091838e+00,3.838919712749968571e+00,2.109365900143331807e+00
1.753900000000000148e+01,2.606799999999999784e+00,2.730068206787109375e+01,4.087955951690673828e+00,nan,nan,5.739171061349111369e+00,3.755531980244170231e+00,1.986397464855856221e+00
9.588599999999999568e+00,9.461699999999999555e-01,2.719282531738281250e+01,4.047587394714355469e+00,nan,nan,7.021404299569326213e+00,4.420840336529265002e+00,2.623515208347982686e+00
2.761300000000000310e+01,4.711599999999999788e+00,2.948348236083984375e+01,4.858191967010498047e+00,nan,nan,5.282867464852529338e+00,3.478706433025847478e+00,1.804375191315359395e+00
4.782199999999999562e+01,8.766600000000000392e+00,4.238505172729492188e+01,8.140812873840332031e+00,nan,nan,5.472298655343251994e+00,3.592152311054717106e+00,1.887154420002645772e+00
4.575800000000000267e+01,7.607999999999999652e+00,3.037451171875000000e+01,4.881941795349121094e+00,nan,nan,6.593973193001943400e+00,4.190696670261869983e+00,2.436727126225179951e+00
2.852300000000000324e+01,4.653599999999999959e+00,2.799101257324218750e+01,4.377858161926269531e+00,nan,nan,5.267543587517934611e+00,3.465121878830443425e+00,1.802424390896505635e+00
7.039699999999999847e+00,3.861900000000004773e-01,2.083837127685546875e+01,2.390057563781738281e+00,nan,nan,6.158497366738515666e+00,4.049175216404448108e+00,2.162637909039205830e+00
1.790299999999999869e+01,2.626100000000000101e+00,2.695505523681640625e+01,4.053881168365478516e+00,nan,nan,5.683593544793325236e+00,3.714670016018401189e+00,1.970491607769674580e+00
4.066100000000000136e+01,6.835599999999999454e+00,2.783886528015136719e+01,4.357993602752685547e+00,nan,nan,6.287421974969106486e+00,3.970419360844145817e+00,2.327171643360800068e+00
5.091700000000000159e+01,8.573499999999999233e+00,3.502476882934570312e+01,6.326634407043457031e+00,nan,nan,6.424513373208242228e+00,4.232714726177702502e+00,2.242563207730001729e+00
4.333100000000000307e+01,8.071400000000000574e+00,2.803977394104003906e+01,4.409071445465087891e+00,nan,nan,7.084410700631337932e+00,4.184808923450956897e+00,2.934719522579855244e+00
4.854999999999999716e+01,7.781799999999999606e+00,2.748071670532226562e+01,4.165107727050781250e+00,nan,nan,7.763353857827382853e+00,4.840794874874601916e+00,2.928928096874899190e+00
3.349900000000000233e+01,5.715700000000000003e+00,2.785168838500976562e+01,4.306174755096435547e+00,nan,nan,5.526061568093496135e+00,3.558953596798430485e+00,1.968470056637472432e+00
1.171299999999999919e+01,1.274399999999999977e+00,2.645409393310546875e+01,3.830592393875122070e+00,nan,nan,6.467656168770986369e+00,4.133093311039457873e+00,2.360683282002157490e+00
1.438299999999999912e+01,1.853699999999999903e+00,2.636109352111816406e+01,3.843472719192504883e+00,nan,nan,6.032428536248403361e+00,3.906506611553679509e+00,2.143276293858236592e+00
3.495599999999999596e+01,6.043899999999999828e+00,2.767179298400878906e+01,4.326127529144287109e+00,nan,nan,5.675438675713735392e+00,3.623915507046233220e+00,2.052952845677084248e+00
5.134199999999999875e+01,8.901699999999999946e+00,2.818890953063964844e+01,4.444176197052001953e+00,nan,nan,8.566275629830556682e+00,5.119325234142790393e+00,3.493844946011251729e+00
4.066100000000000136e+01,6.661800000000000388e+00,2.750296783447265625e+01,4.173556327819824219e+00,nan,nan,6.327717575860219767e+00,3.997463657108794255e+00,2.332049568279928486e+00
1.832799999999999940e+01,2.683999999999999719e+00,2.727460289001464844e+01,4.085333824157714844e+00,nan,nan,5.671754154992299846e+00,3.708177282063017888e+00,1.965748866184896748e+00
6.432900000000000063e+00,6.758399999999995522e-01,2.740281295776367188e+01,4.124411582946777344e+00,nan,nan,7.645489725899892619e+00,4.827131344524870471e+00,2.826649506672567647e+00
2.542800000000000082e+01,4.151600000000000179e+00,2.880402374267578125e+01,4.552826881408691406e+00,nan,nan,5.309592876267629435e+00,3.498605205265532536e+00,1.811399777516073506e+00
4.764000000000000057e+01,8.457599999999999341e+00,3.326891708374023438e+01,5.755975723266601562e+00,nan,nan,6.481900963616567424e+00,4.098128630367765979e+00,2.423836429699606221e+00
4.751800000000000068e+01,7.453500000000000014e+00,4.058608245849609375e+01,7.239273071289062500e+00,nan,nan,5.494442734551626017e+00,3.644460036007414860e+00,1.854722400292105000e+00
2.882699999999999818e+01,4.827399999999999913e+00,2.752301597595214844e+01,4.191234111785888672e+00,nan,nan,5.289861116242605021e+00,3.463626338688384099e+00,1.826234717949575703e+00
6.129400000000000404e+00,8.109999999999999432e-01,2.737946510314941406e+01,4.116228103637695312e+00,nan,nan,7.590815577340322307e+00,4.863033606258879260e+00,2.740706761463827412e+00
1.638599999999999923e+01,2.490899999999999892e+00,2.746864891052246094e+01,4.155886650085449219e+00,nan,nan,5.873556170296865275e+00,3.840672327724944157e+00,2.032895763500875752e+00
3.701899999999999835e+01,6.951500000000000234e+00,2.746899032592773438e+01,4.155988693237304688e+00,nan,nan,6.216408047509389689e+00,3.742129041401396794e+00,2.474294860943502705e+00
4.642600000000000193e+01,8.631399999999999295e+00,2.782063293457031250e+01,4.310186862945556641e+00,nan,nan,7.904159102273183635e+00,4.533923222271452502e+00,3.397851427181906026e+00
3.665500000000000114e+01,5.908800000000000274e+00,2.749509429931640625e+01,4.167796134948730469e+00,nan,nan,5.775164637398916057e+00,3.719556285587798161e+00,2.056389649494833272e+00
1.966300000000000026e+01,2.857800000000000118e+00,2.746770095825195312e+01,4.155351161956787109e+00,nan,nan,5.585361275506215861e+00,3.647729827610503239e+00,1.937651594265646260e+00
1.140900000000000247e+01,1.351700000000000124e+00,2.745479393005371094e+01,4.147745609283447266e+00,nan,nan,6.731422457528310588e+00,4.260136915890226916e+00,2.473686774357504170e+00
2.761300000000000310e+01,4.499100000000000321e+00,2.715896034240722656e+01,4.127768516540527344e+00,nan,nan,5.262705716920095256e+00,3.459937228409300847e+00,1.802791913136190693e+00
4.715399999999999636e+01,8.573499999999999233e+00,2.753481864929199219e+01,4.197638988494873047e+00,nan,nan,8.083675894570546916e+00,4.656217409817228869e+00,3.444157322033590596e+00
4.369500000000000028e+01,7.028699999999999726e+00,2.749926567077636719e+01,4.169717311859130859e+00,nan,nan,6.777393851113515666e+00,4.275138093678007678e+00,2.504902442082113545e+00
2.712699999999999889e+01,4.537799999999999834e+00,2.752902984619140625e+01,4.191491603851318359e+00,nan,nan,5.260140213799672892e+00,3.458796872345458073e+00,1.801342864617056172e+00
9.042400000000000659e+00,7.530799999999997496e-01,2.693895721435546875e+01,3.959812402725219727e+00,nan,nan,7.099211010766225627e+00,4.451783611027250842e+00,2.678109248264974873e+00
1.954100000000000037e+01,2.568200000000000038e+00,2.736100769042968750e+01,4.131130218505859375e+00,nan,nan,5.652958187890249064e+00,3.648875190464507146e+00,2.004554947003073018e+00
4.053900000000000148e+01,7.125299999999999301e+00,2.752551269531250000e+01,4.193536758422851562e+00,nan,nan,6.521416458916860392e+00,3.985684467998992009e+00,2.539890964611715596e+00
5.073499999999999943e+01,8.264499999999999957e+00,2.791766929626464844e+01,4.331985950469970703e+00,nan,nan,8.170878920388418010e+00,5.074178530422697619e+00,3.126655061825460713e+00
3.665500000000000114e+01,5.928099999999999703e+00,2.752489280700683594e+01,4.191472053527832031e+00,nan,nan,5.772357258629995158e+00,3.717828942982207341e+00,2.055006106480306904e+00
1.268400000000000283e+01,1.486799999999999677e+00,2.745924758911132812e+01,4.149902820587158203e+00,nan,nan,6.546944889855581096e+00,4.138178064075956897e+00,2.410525758846945088e+00
9.710000000000000853e+00,1.235800000000000232e+00,2.745175170898437500e+01,4.147757530212402344e+00,nan,nan,6.967543396783071330e+00,4.438588573185453967e+00,2.531577308758444111e+00
3.095100000000000051e+01,5.503199999999999648e+00,2.755564117431640625e+01,4.201438903808593750e+00,nan,nan,5.434053096604543498e+00,3.494203163830290837e+00,1.940034885986990254e+00
4.958200000000000074e+01,9.075499999999999901e+00,2.910831832885742188e+01,4.792463779449462891e+00,nan,nan,8.009210142922597697e+00,4.751154734341154651e+00,3.334500511273092549e+00
4.290600000000000591e+01,7.067299999999999471e+00,3.193799781799316406e+01,5.434559822082519531e+00,nan,nan,5.862372670006948283e+00,3.841111494747649235e+00,2.051551778896993916e+00
2.342500000000000071e+01,3.746100000000000207e+00,2.737043952941894531e+01,4.145174026489257812e+00,nan,nan,5.311125550103383830e+00,3.506793691364775700e+00,1.804339786156362813e+00
7.950099999999999056e+00,8.882399999999992524e-01,2.716036796569824219e+01,4.041358470916748047e+00,nan,nan,7.234276089501577189e+00,4.604154421535978869e+00,2.652648408993429463e+00
2.184699999999999775e+01,3.321299999999999919e+00,2.741361618041992188e+01,4.144432067871093750e+00,nan,nan,5.404540333581167033e+00,3.554752244202147526e+00,1.849886437042898457e+00
4.187399999999999523e+01,8.167999999999999261e+00,2.747006225585937500e+01,4.156978130340576172e+00,nan,nan,7.301070961785512736e+00,4.104477478710661487e+00,3.197240551098532002e+00
4.678999999999999915e+01,7.569399999999999906e+00,3.429752349853515625e+01,6.231493949890136719e+00,nan,nan,5.910350594353872111e+00,3.949018313137541814e+00,1.990403493031210225e+00
3.319599999999999795e+01,5.348799999999999777e+00,2.766804122924804688e+01,4.236770153045654297e+00,nan,nan,5.457044277024465373e+00,3.554481400696288151e+00,1.903758247479147236e+00
1.268400000000000283e+01,1.332399999999999807e+00,2.746743011474609375e+01,4.154822349548339844e+00,nan,nan,6.626002821755605510e+00,4.138988806454191760e+00,2.487354834660238545e+00
1.468599999999999994e+01,2.008199999999999985e+00,2.746240234375000000e+01,4.153285026550292969e+00,nan,nan,6.159421715569692424e+00,3.966616107670317692e+00,2.193089445217794697e+00
3.331700000000000017e+01,5.966700000000000337e+00,2.746976661682128906e+01,4.156664848327636719e+00,nan,nan,5.641539368462758830e+00,3.564462556091795964e+00,2.077133138760275166e+00
4.715399999999999636e+01,8.554199999999999804e+00,3.122981643676757812e+01,5.344076156616210938e+00,nan,nan,6.842451128792959025e+00,4.240208222118864612e+00,2.666025121792501729e+00
4.023599999999999710e+01,6.101799999999999891e+00,2.746910667419433594e+01,4.156116485595703125e+00,nan,nan,6.087450537514882853e+00,3.965865685192595524e+00,2.121635635479635518e+00
2.318300000000000338e+01,3.726799999999999891e+00,2.746932029724121094e+01,4.156298160552978516e+00,nan,nan,5.321517143082814982e+00,3.515148295609007878e+00,1.806374509915060322e+00
8.799699999999997857e+00,8.303200000000003911e-01,2.741780090332031250e+01,4.131327152252197266e+00,nan,nan,7.268858704400258830e+00,4.537291838375578479e+00,2.739590962513632100e+00
2.360699999999999932e+01,3.823300000000000143e+00,2.741763687133789062e+01,4.153001785278320312e+00,nan,nan,5.303118500542836955e+00,3.503362669197569890e+00,1.799761434181875508e+00
4.539399999999999835e+01,8.013500000000000512e+00,2.769832611083984375e+01,4.271468162536621094e+00,nan,nan,7.405970129800039103e+00,4.431889726368437366e+00,2.996659000500387471e+00
4.703300000000000125e+01,7.820399999999999352e+00,2.749006080627441406e+01,4.169046878814697266e+00,nan,nan,7.593138727975087932e+00,4.647601916042814807e+00,2.951799591168112080e+00
3.155699999999999861e+01,5.136400000000000077e+00,2.758311462402343750e+01,4.212107658386230469e+00,nan,nan,5.374138150048452189e+00,3.507589115349303288e+00,1.866697867497152608e+00
8.010699999999999932e+00,9.461699999999999555e-01,2.742468261718750000e+01,4.133508682250976562e+00,nan,nan,7.298931631875234416e+00,4.631529404369841174e+00,2.675479610546774190e+00
1.602100000000000080e+01,2.220600000000000129e+00,2.655741500854492188e+01,3.947329282760620117e+00,nan,nan,5.855309758019643596e+00,3.805696322170744939e+00,2.054614027126974385e+00
3.756600000000000250e+01,6.526699999999999946e+00,2.748168563842773438e+01,4.165930271148681641e+00,nan,nan,6.052243504357534221e+00,3.774880482403288884e+00,2.278151114567465108e+00
5.061299999999999955e+01,9.056200000000000472e+00,3.325809478759765625e+01,6.178087234497070312e+00,nan,nan,6.764685902428823283e+00,4.375909401623259143e+00,2.493062456234640401e+00
3.871900000000000119e+01,5.870099999999999874e+00,2.963512802124023438e+01,4.826315879821777344e+00,nan,nan,5.619974646401601603e+00,3.721487118450652165e+00,1.906246145352072041e+00
1.638599999999999923e+01,2.490899999999999892e+00,2.735251617431640625e+01,4.113588333129882812e+00,nan,nan,5.853647980523305705e+00,3.832946969715605778e+00,2.022316773518270772e+00
9.345900000000000318e+00,1.100600000000000023e+00,2.743407821655273438e+01,4.139820575714111328e+00,nan,nan,7.070696863961416057e+00,4.477130486217985705e+00,2.597291668041891377e+00
2.803800000000000026e+01,5.020500000000000185e+00,2.746755599975585938e+01,4.155891418457031250e+00,nan,nan,5.314562949967580607e+00,3.458914353100310368e+00,1.855652769192404072e+00
4.624399999999999977e+01,8.805199999999999250e+00,2.967847442626953125e+01,4.951555728912353516e+00,nan,nan,7.278741154504018596e+00,4.306177570072660998e+00,3.039470394238180440e+00
4.254200000000000159e+01,6.816300000000000026e+00,2.747644042968750000e+01,4.161667346954345703e+00,nan,nan,6.569735560250478557e+00,4.165179921833525256e+00,2.406464536770529072e+00
2.888699999999999690e+01,4.730900000000000105e+00,2.747690200805664062e+01,4.160682678222656250e+00,nan,nan,5.283564839196401408e+00,3.464180065838347478e+00,1.819402118309683125e+00
9.831399999999998585e+00,9.268600000000000172e-01,2.746561622619628906e+01,4.153619289398193359e+00,nan,nan,7.126310381722646525e+00,4.426934196201811389e+00,2.700630148037618916e+00
1.948099999999999810e+01,2.664699999999999847e+00,2.742994117736816406e+01,4.146754741668701172e+00,nan,nan,5.637510332894521525e+00,3.654989077297698064e+00,1.982769449337667744e+00
3.877900000000000347e+01,7.163899999999999935e+00,2.747756004333496094e+01,4.162272453308105469e+00,nan,nan,6.431862387490468791e+00,3.855988814083586735e+00,2.577431042774862568e+00
4.764000000000000057e+01,8.148699999999999832e+00,2.782332801818847656e+01,4.310325145721435547e+00,nan,nan,7.714226279092031291e+00,4.678217007366667346e+00,3.061781128033346455e+00
3.811199999999999477e+01,6.082499999999999574e+00,2.747486877441406250e+01,4.159806251525878906e+00,nan,nan,5.924312386346059611e+00,3.810560538021575017e+00,2.114226539715475361e+00
1.881299999999999883e+01,2.838499999999999801e+00,2.681058311462402344e+01,3.957921504974365234e+00,nan,nan,5.564226302933889201e+00,3.659887148586760564e+00,1.907447834595388692e+00
8.374900000000000233e+00,6.951499999999999346e-01,2.527854537963867188e+01,3.498401880264282227e+00,nan,nan,6.769915375542836955e+00,4.340689493862639026e+00,2.471214016064352315e+00
2.737000000000000099e+01,4.113000000000000433e+00,2.879172134399414062e+01,4.579707145690917969e+00,nan,nan,5.287218246293264201e+00,3.470811857429991765e+00,1.816650708302206318e+00
4.854999999999999716e+01,8.554199999999999804e+00,4.059456253051757812e+01,7.668406486511230469e+00,nan,nan,5.585756335091787150e+00,3.685190750805388493e+00,1.911923964604086201e+00
4.545499999999999829e+01,7.202499999999999680e+00,4.302740097045898438e+01,7.175738334655761719e+00,nan,nan,5.361713561845022014e+00,3.525623633114348454e+00,1.837589343174642842e+00
2.743099999999999739e+01,4.402599999999999625e+00,2.792129707336425781e+01,4.343640804290771484e+00,nan,nan,5.262143525910573771e+00,3.465920283047209782e+00,1.796257575138754170e+00
1.055999999999999872e+01,3.282600000000002183e-01,2.550336647033691406e+01,3.533063650131225586e+00,nan,nan,6.764106306863027385e+00,4.150033189503202991e+00,2.667130191906637471e+00
1.608200000000000074e+01,2.645399999999999974e+00,2.742276573181152344e+01,4.140856266021728516e+00,nan,nan,5.844831976723867228e+00,3.858826710430632634e+00,1.986885746105856221e+00
3.993199999999999505e+01,7.009400000000000297e+00,2.793800926208496094e+01,4.421706199645996094e+00,nan,nan,6.271300587487417033e+00,3.906701876369963689e+00,2.374607999905294697e+00
4.909600000000000364e+01,8.322499999999999787e+00,3.165328025817871094e+01,5.460117816925048828e+00,nan,nan,6.829361948800283244e+00,4.392377807346830920e+00,2.495744665249532979e+00
3.574499999999999744e+01,5.638399999999999856e+00,2.755454444885253906e+01,4.196002006530761719e+00,nan,nan,5.640580210519033244e+00,3.667313410488616032e+00,1.974070985897726338e+00
1.383699999999999974e+01,1.544799999999999951e+00,2.079449844360351562e+01,2.819226026535034180e+00,nan,nan,5.578226837945180705e+00,3.632863713947783513e+00,1.958220561131185811e+00
1.007400000000000162e+01,9.654799999999998938e-01,2.741326332092285156e+01,4.131190776824951172e+00,nan,nan,7.055926594567495158e+00,4.394457174984465198e+00,2.665557344540304463e+00
2.876599999999999824e+01,4.634299999999999642e+00,2.759177017211914062e+01,4.209789276123046875e+00,nan,nan,5.270660672021108439e+00,3.462741448132048649e+00,1.807943959816641133e+00
4.776100000000000279e+01,8.921099999999999142e+00,2.964573669433593750e+01,4.949441432952880859e+00,nan,nan,7.547355446648793986e+00,4.471827580181608752e+00,3.129416425808615010e+00
4.145000000000000284e+01,6.797000000000000597e+00,3.485951614379882812e+01,5.704391956329345703e+00,nan,nan,5.527916822266774943e+00,3.615794970242034001e+00,1.920337339028066914e+00
2.378900000000000148e+01,3.746100000000000207e+00,2.722522926330566406e+01,4.107141494750976562e+00,nan,nan,5.298411044907766154e+00,3.495754136291991276e+00,1.802705486401266377e+00
9.224500000000002586e+00,5.406699999999999839e-01,1.807396697998046875e+01,1.921342492103576660e+00,nan,nan,5.696342978310781291e+00,3.723985864368926091e+00,1.991557677372640889e+00
1.948099999999999810e+01,3.031600000000000072e+00,2.746830940246582031e+01,4.155646800994873047e+00,nan,nan,5.557587060761647990e+00,3.656717015949736638e+00,1.900890012367910664e+00
4.163199999999999790e+01,7.511400000000000077e+00,2.776689720153808594e+01,4.379121780395507812e+00,nan,nan,6.687138590645986369e+00,4.056896282879362658e+00,2.639971216305441182e+00
4.751800000000000068e+01,8.090700000000000003e+00,2.837432098388671875e+01,4.522234439849853516e+00,nan,nan,7.442299399209218791e+00,4.594181372372160510e+00,2.884172518833822529e+00
3.319599999999999795e+01,5.387400000000000411e+00,2.765518760681152344e+01,4.231661319732666016e+00,nan,nan,5.464051041436391642e+00,3.554487301556120915e+00,1.910293896778768818e+00
1.104499999999999815e+01,2.819199999999999484e+00,2.175162887573242188e+01,2.724094152450561523e+00,nan,nan,5.661851916146474650e+00,3.825925184933196110e+00,1.834318061455435078e+00
1.414000000000000057e+01,1.081299999999999706e+00,2.746858787536621094e+01,4.155575275421142578e+00,nan,nan,6.628776583504873088e+00,4.011536909786711291e+00,2.617363055332845967e+00
3.149699999999999989e+01,5.522599999999999731e+00,2.948348617553710938e+01,4.902130603790283203e+00,nan,nan,5.317658457589345744e+00,3.478573157040129704e+00,1.839475293739980977e+00
4.915699999999999648e+01,8.650700000000000500e+00,5.782093811035156250e+01,1.047285747528076172e+01,nan,nan,5.810390982461171916e+00,3.728223516193877263e+00,2.108119686230367940e+00
3.999300000000000210e+01,6.468700000000000117e+00,3.921672058105468750e+01,6.393784999847412109e+00,nan,nan,5.327766928506093791e+00,3.500374092308531804e+00,1.828534145935720723e+00
2.130099999999999838e+01,3.012300000000000200e+00,2.664068412780761719e+01,3.981072187423706055e+00,nan,nan,5.425682101082998088e+00,3.550291551796446843e+00,1.876455028637594502e+00
8.435600000000000875e+00,4.248099999999999099e-01,-3.997931480407714844e+00,-2.271010637283325195e+00,nan,nan,6.271902355981069377e+00,3.944917275158415837e+00,2.406503160580343526e+00
2.330400000000000205e+01,3.224699999999999900e+00,2.747023963928222656e+01,4.156802654266357422e+00,nan,nan,5.378342423272329142e+00,3.511994256226073308e+00,1.866364021881765645e+00
4.381600000000000250e+01,8.090700000000000003e+00,2.779750633239746094e+01,4.341772556304931641e+00,nan,nan,7.240056309533315471e+00,4.256603194920073108e+00,3.001327713116354268e+00
4.709300000000000352e+01,7.221799999999999997e+00,2.835606384277343750e+01,4.492090702056884766e+00,nan,nan,6.953031573128896525e+00,4.545882178989897326e+00,2.437879522427267354e+00
3.082900000000000063e+01,4.769499999999999851e+00,2.781509780883789062e+01,4.328258514404296875e+00,nan,nan,5.298761639428335002e+00,3.487918569294463200e+00,1.810900230988210957e+00
9.527899999999998926e+00,1.583400000000000141e+00,2.189744567871093750e+01,2.641037940979003906e+00,nan,nan,5.844528231454091838e+00,3.938835336414824528e+00,1.927607138737386983e+00
1.420099999999999874e+01,2.181999999999999940e+00,2.741604042053222656e+01,4.134976863861083984e+00,nan,nan,6.125028166604238322e+00,4.002117706982145862e+00,2.125081022366232197e+00
3.562400000000000233e+01,6.063200000000000145e+00,3.178341865539550781e+01,5.709517955780029297e+00,nan,nan,5.348603281808095744e+00,3.519641710964690251e+00,1.829822857960409443e+00
4.903499999999999659e+01,8.882400000000000517e+00,5.545656967163085938e+01,1.046255588531494141e+01,nan,nan,5.664760384392934611e+00,3.636583878246794743e+00,2.048360665425009053e+00
3.768699999999999761e+01,5.966700000000000337e+00,3.112845039367675781e+01,4.997076034545898438e+00,nan,nan,5.489752087426381877e+00,3.604590727535735173e+00,1.890257557018942158e+00
1.796300000000000097e+01,2.336500000000000021e+00,2.322521018981933594e+01,3.368641138076782227e+00,nan,nan,5.456949624848562053e+00,3.561815990654479069e+00,1.899828990086263936e+00
9.527899999999998926e+00,5.020500000000001073e-01,1.784555816650390625e+01,1.863285422325134277e+00,nan,nan,5.667815956902700236e+00,3.697937800137053532e+00,1.988117535694784443e+00
2.494300000000000139e+01,3.900500000000000078e+00,2.747897911071777344e+01,4.161527156829833984e+00,nan,nan,5.274597081971364787e+00,3.477994932381163640e+00,1.796617467983907979e+00
4.642600000000000193e+01,8.322499999999999787e+00,2.789897155761718750e+01,4.392323017120361328e+00,nan,nan,7.614791903329091838e+00,4.525092198101530627e+00,3.115985591992086690e+00
4.381600000000000250e+01,7.105900000000000105e+00,3.040649986267089844e+01,5.061184406280517578e+00,nan,nan,6.153430018258291057e+00,4.018091155735502795e+00,2.167754490956014912e+00
2.846199999999999974e+01,4.518500000000000405e+00,2.794540405273437500e+01,4.380552291870117188e+00,nan,nan,5.257719311547475627e+00,3.461421682087431950e+00,1.796309013947195332e+00
9.406600000000000961e+00,1.351700000000000124e+00,1.838089370727539062e+01,1.819224238395690918e+00,nan,nan,5.588905129265981486e+00,3.731531454769621892e+00,1.866955955609030049e+00
1.875199999999999889e+01,2.568200000000000038e+00,2.672705841064453125e+01,3.985530853271484375e+00,nan,nan,5.626237664056020549e+00,3.659085704533110661e+00,1.970464308842367451e+00
3.853699999999999903e+01,6.661800000000000388e+00,2.914615631103515625e+01,4.926119804382324219e+00,nan,nan,5.794351610970693400e+00,3.736467792240630192e+00,2.066166360958761494e+00
4.952100000000000080e+01,8.129400000000000404e+00,3.108645248413085938e+01,5.253127574920654297e+00,nan,nan,6.955503496957021525e+00,4.501858784405241565e+00,2.504581888302511494e+00
3.580599999999999739e+01,5.792900000000000382e+00,2.758111381530761719e+01,4.208151340484619141e+00,nan,nan,5.679965529275136760e+00,3.669140173641692204e+00,2.011864622219747822e+00
1.492900000000000027e+01,2.548900000000000166e+00,1.790526199340820312e+01,2.332197666168212891e+00,nan,nan,5.361077461075979045e+00,3.526946975437651677e+00,1.834627409561819356e+00
9.224500000000002586e+00,6.951499999999999346e-01,2.743154144287109375e+01,4.138842582702636719e+00,nan,nan,7.313356671166616252e+00,4.490638329235563830e+00,2.826187809094137471e+00
2.943300000000000338e+01,4.692199999999999704e+00,2.824605560302734375e+01,4.427589893341064453e+00,nan,nan,5.267868671250539592e+00,3.465505792347441716e+00,1.802406092270559590e+00
4.842899999999999494e+01,8.708600000000000563e+00,3.161233901977539062e+01,5.516388893127441406e+00,nan,nan,6.933995756936269572e+00,4.328746630398283557e+00,2.659677346333212178e+00
4.254200000000000159e+01,7.028699999999999726e+00,4.374332046508789062e+01,7.268469333648681641e+00,nan,nan,5.352462444138723185e+00,3.512848867622862858e+00,1.841985066517538350e+00
2.548900000000000077e+01,3.668800000000000061e+00,2.725199317932128906e+01,4.120318412780761719e+00,nan,nan,5.277797374558645060e+00,3.468839539734374089e+00,1.808962722405142109e+00
9.103100000000001302e+00,3.861900000000004773e-01,1.645262145996093750e+01,1.493630051612854004e+00,nan,nan,5.586394820046621135e+00,3.657614185062895817e+00,1.944476683720297139e+00
1.820599999999999952e+01,3.359900000000000109e+00,2.746181106567382812e+01,4.153859138488769531e+00,nan,nan,5.570417914223867228e+00,3.724913551060210271e+00,1.845559318646139424e+00
4.187399999999999523e+01,7.047999999999999154e+00,2.807464408874511719e+01,4.531873703002929688e+00,nan,nan,6.382244620156484416e+00,4.051158262936125354e+00,2.343626936062521260e+00
4.691100000000000136e+01,8.032799999999999940e+00,3.004029273986816406e+01,4.984261512756347656e+00,nan,nan,6.888489041161733439e+00,4.337627722469816760e+00,2.591119249447531026e+00
3.398499999999999943e+01,5.078400000000000247e+00,2.752721023559570312e+01,4.192797660827636719e+00,nan,nan,5.447907123398977092e+00,3.588074340073119206e+00,1.859957297428793233e+00
1.116600000000000037e+01,1.911699999999999733e+00,2.560433197021484375e+01,3.598250150680541992e+00,nan,nan,6.134868416619497111e+00,4.105035258976469592e+00,2.054332693203634541e+00
1.304800000000000004e+01,1.100600000000000023e+00,2.746897697448730469e+01,4.155941486358642578e+00,nan,nan,6.713366064858632853e+00,4.106008245197783069e+00,2.607374747379965108e+00
3.149699999999999989e+01,5.329500000000000348e+00,2.758342361450195312e+01,4.216883659362792969e+00,nan,nan,5.406984839272695353e+00,3.506148292271147771e+00,1.901128371342367451e+00
4.909600000000000364e+01,8.863099999999999312e+00,2.868305015563964844e+01,4.531805038452148438e+00,nan,nan,8.118443045449453166e+00,4.748166157452116565e+00,3.406971891506857197e+00
4.084300000000000352e+01,6.352899999999999991e+00,3.550161743164062500e+01,6.219436645507812500e+00,nan,nan,5.419068608117299846e+00,3.576979293076048894e+00,1.845112343414968770e+00
2.269699999999999918e+01,3.321299999999999919e+00,2.733839988708496094e+01,4.146135330200195312e+00,nan,nan,5.376581582856374553e+00,3.526095582691679997e+00,1.850493331536001484e+00
9.406600000000000961e+00,1.274399999999999977e+00,2.353331756591796875e+01,3.097180366516113281e+00,nan,nan,6.136715922188955119e+00,4.076585604397306994e+00,2.101546009167379658e+00
3.519899999999999807e+01,6.256300000000000416e+00,2.749248504638671875e+01,4.176686763763427734e+00,nan,nan,5.811985287499624064e+00,3.643102003780852360e+00,2.169545968159384053e+00
5.000600000000000023e+01,8.612099999999999866e+00,4.846381378173828125e+01,8.761908531188964844e+00,nan,nan,5.375877413582998088e+00,3.524891330448638005e+00,1.852113922222799580e+00
3.859700000000000131e+01,5.928099999999999703e+00,3.009488296508789062e+01,4.814277172088623047e+00,nan,nan,5.597965273690419963e+00,3.690849377361784978e+00,1.913894196137136738e+00
1.687099999999999866e+01,2.336500000000000021e+00,2.587959861755371094e+01,3.772120952606201172e+00,nan,nan,5.688386235070424846e+00,3.716023279873381657e+00,1.980306227787679951e+00
1.074200000000000088e+01,8.689299999999997581e-01,2.255342483520507812e+01,2.795926332473754883e+00,nan,nan,5.995924744439321330e+00,3.898342801777373356e+00,2.134814460858053486e+00
2.676300000000000168e+01,4.518500000000000405e+00,2.756847000122070312e+01,4.196526050567626953e+00,nan,nan,5.260896000695424846e+00,3.460338427273284001e+00,1.800552030190176289e+00
4.678999999999999915e+01,8.573499999999999233e+00,3.412843322753906250e+01,6.053786277770996094e+00,nan,nan,6.270846400094228557e+00,3.960684491840849919e+00,2.346223195179647725e+00
4.327000000000000313e+01,7.009400000000000297e+00,3.663741302490234375e+01,6.261521339416503906e+00,nan,nan,5.493629965615468791e+00,3.622638894764433903e+00,1.879210610970205586e+00
2.664199999999999946e+01,4.209500000000000242e+00,2.762140846252441406e+01,4.247237205505371094e+00,nan,nan,5.256925973725515178e+00,3.464000477043639226e+00,1.792949696167654317e+00
8.192800000000001859e+00,8.882399999999992524e-01,2.293487930297851562e+01,2.867965459823608398e+00,nan,nan,6.234647307229238322e+00,4.129686547962675647e+00,2.150873978718466084e+00
1.723499999999999943e+01,3.070199999999999818e+00,2.709053802490234375e+01,4.063609123229980469e+00,nan,nan,5.640043053460317424e+00,3.761765791622649235e+00,1.880074639900869649e+00
4.023599999999999710e+01,6.990099999999999980e+00,2.858122062683105469e+01,4.704413890838623047e+00,nan,nan,6.121666703057485392e+00,3.882469250408659978e+00,2.250594337567037861e+00
4.848899999999999721e+01,8.129400000000000404e+00,2.830797004699707031e+01,4.481075286865234375e+00,nan,nan,7.616352114510732463e+00,4.720177723614225940e+00,2.934329469784445088e+00
3.538100000000000023e+01,5.599800000000000111e+00,2.763651084899902344e+01,4.220142841339111328e+00,nan,nan,5.603812489342885783e+00,3.645574881283293767e+00,1.959550459965414326e+00
1.414000000000000057e+01,2.336500000000000021e+00,2.457386398315429688e+01,3.453704357147216797e+00,nan,nan,5.711272034478383830e+00,3.803739859310637517e+00,1.919634779080099385e+00
1.104499999999999815e+01,1.274399999999999977e+00,2.746882629394531250e+01,4.155794143676757812e+00,nan,nan,6.815430435967641642e+00,4.298536850658903674e+00,2.516946275814718526e+00
2.876599999999999824e+01,5.174999999999999822e+00,2.762121391296386719e+01,4.234144687652587891e+00,nan,nan,5.333498749566274455e+00,3.462683154789458317e+00,1.870884557350820820e+00
4.824699999999999989e+01,8.534900000000000375e+00,4.117005157470703125e+01,7.529736042022705078e+00,nan,nan,5.563055310082631877e+00,3.648051215855132146e+00,1.925015051945394795e+00
4.235999999999999943e+01,6.912899999999999601e+00,3.492164993286132812e+01,5.686071872711181641e+00,nan,nan,5.586588892770009807e+00,3.651159836498747868e+00,1.945606251343435567e+00
2.403199999999999648e+01,3.166799999999999837e+00,2.721259117126464844e+01,4.100528717041015625e+00,nan,nan,5.357831392121511271e+00,3.490449322906981511e+00,1.867464204415029805e+00
9.285199999999999676e+00,7.723899999999961352e-02,-1.510781168937683105e+00,-1.968795895576477051e+00,nan,nan,5.969893965554433635e+00,3.845323635784636540e+00,2.181861956700033467e+00
1.978400000000000247e+01,3.301899999999999835e+00,2.746266555786132812e+01,4.154474735260009766e+00,nan,nan,5.495550188851552775e+00,3.641670896259795231e+00,1.853904684170431416e+00
4.260300000000000153e+01,7.414900000000000269e+00,2.775448417663574219e+01,4.343924045562744141e+00,nan,nan,6.737239632439809611e+00,4.144550992695341662e+00,2.606245596989340108e+00
4.788199999999999790e+01,7.743199999999999861e+00,2.776086807250976562e+01,4.299156188964843750e+00,nan,nan,7.510951075387197307e+00,4.716520144192228869e+00,2.815969904049581807e+00
3.246800000000000352e+01,5.078400000000000247e+00,2.756062698364257812e+01,4.213233947753906250e+00,nan,nan,5.390417132210927775e+00,3.533478631226073308e+00,1.857008000000662129e+00
9.892099999999999227e+00,7.337699999999998113e-01,2.109626197814941406e+01,2.582511425018310547e+00,nan,nan,5.933723006081777385e+00,3.858992649761687321e+00,2.111852129086202901e+00
1.189499999999999957e+01,1.448200000000000376e+00,2.746883583068847656e+01,4.155800342559814453e+00,nan,nan,6.645646128487783244e+00,4.213774515835295276e+00,2.431924064739889424e+00
3.410600000000000165e+01,5.657700000000000173e+00,2.895449829101562500e+01,4.759191036224365234e+00,nan,nan,5.418655071091848185e+00,3.545972420422087712e+00,1.874145825489706318e+00
4.879299999999999926e+01,8.843799999999999883e+00,4.327722549438476562e+01,7.941146373748779297e+00,nan,nan,5.500400099587636760e+00,3.595665051189909978e+00,1.912279446705526631e+00
3.944699999999999562e+01,6.507299999999999862e+00,4.153524398803710938e+01,7.007768630981445312e+00,nan,nan,5.368716749978261760e+00,3.516182257381926579e+00,1.856363137348837178e+00
2.117999999999999972e+01,2.510299999999999976e+00,2.746846580505371094e+01,4.155407905578613281e+00,nan,nan,5.608264956307607463e+00,3.581130220142851872e+00,2.027142127140707295e+00
9.710000000000000853e+00,8.109999999999999432e-01,2.425373458862304688e+01,3.238584995269775391e+00,nan,nan,6.365895781350332072e+00,4.112570239750395373e+00,2.308524091824240010e+00
2.524599999999999866e+01,3.958499999999999908e+00,2.901715087890625000e+01,4.637641906738281250e+00,nan,nan,5.345780644250112346e+00,3.507942034451018376e+00,1.838659484966940205e+00
4.490899999999999892e+01,7.994200000000000195e+00,3.629507446289062500e+01,6.611372470855712891e+00,nan,nan,5.685404810738759807e+00,3.709166480747710271e+00,1.992246349438375752e+00
4.581899999999999551e+01,7.298999999999999488e+00,3.155622482299804688e+01,5.238158226013183594e+00,nan,nan,6.227978501153188517e+00,4.089157654491911487e+00,2.172253807171530049e+00
3.076900000000000190e+01,4.692199999999999704e+00,2.819774436950683594e+01,4.498980522155761719e+00,nan,nan,5.284245166611867717e+00,3.484071983543883366e+00,1.800185580834097188e+00
1.019500000000000028e+01,6.179100000000006254e-01,2.027806472778320312e+01,2.224508523941040039e+00,nan,nan,5.808761153054433635e+00,3.790412499157439274e+00,2.052457888706869404e+00
1.583900000000000041e+01,1.931000000000000050e+00,2.696918296813964844e+01,4.034017086029052734e+00,nan,nan,6.018260035348134807e+00,3.844935728756438298e+00,2.178850253208822529e+00
3.641199999999999903e+01,6.217699999999999783e+00,3.188947105407714844e+01,5.692286968231201172e+00,nan,nan,5.376897606682973674e+00,3.537495865074645085e+00,1.840640445336050313e+00
4.970300000000000296e+01,8.708600000000000563e+00,5.171100234985351562e+01,9.815208435058593750e+00,nan,nan,5.477868709397512248e+00,3.533092869965086980e+00,1.951380808933920186e+00
3.871900000000000119e+01,6.043899999999999828e+00,3.132672500610351562e+01,5.092192173004150391e+00,nan,nan,5.524614367318349650e+00,3.640666796413909001e+00,1.890509803875631611e+00
1.802400000000000091e+01,2.973700000000000010e+00,2.647500991821289062e+01,3.887052297592163086e+00,nan,nan,5.554834041428762248e+00,3.684517218319426579e+00,1.874350090607351582e+00
9.042400000000000659e+00,7.144599999999998730e-01,2.303758239746093750e+01,3.000264644622802734e+00,nan,nan,6.285064730477529338e+00,4.066359116283903674e+00,2.253251870258993428e+00
2.700600000000000023e+01,3.746100000000000207e+00,2.808010673522949219e+01,4.436709403991699219e+00,nan,nan,5.305994543862539103e+00,3.468372358528624577e+00,1.837774654015249531e+00
4.733600000000000563e+01,8.612099999999999866e+00,3.716004180908203125e+01,6.888156414031982422e+00,nan,nan,5.851195845437246135e+00,3.796437217442046208e+00,2.079087575062460225e+00
4.490899999999999892e+01,7.086599999999999788e+00,4.311187362670898438e+01,7.101692199707031250e+00,nan,nan,5.352065954041677287e+00,3.517762853352080388e+00,1.835623283966726582e+00
2.828000000000000114e+01,4.093600000000000350e+00,2.753570175170898438e+01,4.192483425140380859e+00,nan,nan,5.252160820794301799e+00,3.460373892036925358e+00,1.791795213802999776e+00
8.496199999999998198e+00,2.510200000000000209e-01,1.297595977783203125e+01,8.260758519172668457e-01,nan,nan,5.444033655953603557e+00,3.569713784901152653e+00,1.881746311768240254e+00
1.535400000000000098e+01,2.799900000000000055e+00,2.746665382385253906e+01,4.154967308044433594e+00,nan,nan,5.866141590905385783e+00,3.915133430210600896e+00,1.951104362591451924e+00
3.993199999999999505e+01,6.797000000000000597e+00,2.808816146850585938e+01,4.519963264465332031e+00,nan,nan,6.133999619317251017e+00,3.895735575405608220e+00,2.246622284039205830e+00
4.861100000000000421e+01,8.959699999999999775e+00,6.109527587890625000e+01,1.139137458801269531e+01,nan,nan,6.202481779885488322e+00,3.946783615795622868e+00,2.307214935406393330e+00
3.689800000000000324e+01,5.657700000000000173e+00,3.175117111206054688e+01,5.166182518005371094e+00,nan,nan,5.389082822632985881e+00,3.556654407230864567e+00,1.834976156338400166e+00
1.535400000000000098e+01,2.433000000000000274e+00,2.652332496643066406e+01,3.869392395019531250e+00,nan,nan,5.820808443856435588e+00,3.848778320995818181e+00,1.982789476498312276e+00
9.163799999999998391e+00,7.530799999999997496e-01,2.746633148193359375e+01,4.154060363769531250e+00,nan,nan,7.303090367150502971e+00,4.501814676968107776e+00,2.802015503033346455e+00
2.937300000000000111e+01,4.846700000000000230e+00,3.047962570190429688e+01,5.064197540283203125e+00,nan,nan,5.283648524117666057e+00,3.473534955231200261e+00,1.810466309174246113e+00
4.867100000000000648e+01,8.824500000000000455e+00,3.218544006347656250e+01,5.433303833007812500e+00,nan,nan,7.017266783547597697e+00,4.294552637783537463e+00,2.772525747402853291e+00
4.235999999999999943e+01,6.835599999999999454e+00,3.522968292236328125e+01,6.139815807342529297e+00,nan,nan,5.510960254502492717e+00,3.641145540920744939e+00,1.879732926472372334e+00
2.506400000000000006e+01,3.630199999999999871e+00,2.757519531250000000e+01,4.231916427612304688e+00,nan,nan,5.303717408013540080e+00,3.479938639847289128e+00,1.823832650765127461e+00
9.345900000000000318e+00,2.703299999999999592e-01,2.043775367736816406e+01,2.339500188827514648e+00,nan,nan,5.987526211571889689e+00,3.853459550587187810e+00,2.185927470310873311e+00
2.105900000000000105e+01,2.973700000000000010e+00,2.427577590942382812e+01,3.590941905975341797e+00,nan,nan,5.339603338074880412e+00,3.504680349079619450e+00,1.836211402996725361e+00
4.193500000000000227e+01,7.241100000000000314e+00,2.819359588623046875e+01,4.514748573303222656e+00,nan,nan,6.457747015786367228e+00,4.045989944187651233e+00,2.434758027180380147e+00
4.666899999999999693e+01,8.071400000000000574e+00,2.792745399475097656e+01,4.322107791900634766e+00,nan,nan,7.529204401803212932e+00,4.548919631687651233e+00,3.005744894131368916e+00
3.368199999999999505e+01,5.387400000000000411e+00,2.757298851013183594e+01,4.215511322021484375e+00,nan,nan,5.486339602303701213e+00,3.574583186356078190e+00,1.912029762848562520e+00
1.183400000000000141e+01,9.654799999999998938e-01,2.270675659179687500e+01,2.987430810928344727e+00,nan,nan,5.962759527993398478e+00,3.835543944088469548e+00,2.162724335774130147e+00
1.062000000000000099e+01,1.139299999999999979e+00,2.746734428405761719e+01,4.154831886291503906e+00,nan,nan,6.927849087548452189e+00,4.342425538746367053e+00,2.585904915913290303e+00
3.240699999999999648e+01,5.387400000000000411e+00,2.892326354980468750e+01,4.657631397247314453e+00,nan,nan,5.347868714165883830e+00,3.501402391640196843e+00,1.847048004254049580e+00
5.012800000000000011e+01,8.978999999999999204e+00,2.789150047302246094e+01,4.319619178771972656e+00,nan,nan,8.637646231484609416e+00,4.994263722149382190e+00,3.669261415585226338e+00
4.308800000000000097e+01,6.990099999999999980e+00,2.852515792846679688e+01,4.423263072967529297e+00,nan,nan,6.469885144067006877e+00,4.117632462231169299e+00,2.366328795536703389e+00
2.573099999999999810e+01,3.977799999999999780e+00,2.745551109313964844e+01,4.152504920959472656e+00,nan,nan,5.260556492638784221e+00,3.467345072475920720e+00,1.793218274697012227e+00
8.253499999999998948e+00,2.703299999999999592e-01,2.742401504516601562e+01,4.135495185852050781e+00,nan,nan,7.689374480080800822e+00,4.602563215939055041e+00,3.093056638821310322e+00
1.420099999999999874e+01,2.297800000000000065e+00,2.746898460388183594e+01,4.155967235565185547e+00,nan,nan,6.098975930047231486e+00,4.006513907162199573e+00,2.092474301441854756e+00
3.853699999999999903e+01,6.739099999999999646e+00,2.749498748779296875e+01,4.184539318084716797e+00,nan,nan,6.198118958306508830e+00,3.837932302204619450e+00,2.361132343395895283e+00
4.715399999999999636e+01,8.785899999999999821e+00,3.047631454467773438e+01,5.007544040679931641e+00,nan,nan,7.284847769570546916e+00,4.317244841305265979e+00,3.011395414456075947e+00
3.532000000000000028e+01,5.696299999999999919e+00,2.868537521362304688e+01,4.489662170410156250e+00,nan,nan,5.523317370248037150e+00,3.600097848621855778e+00,1.926857789143270772e+00
1.359399999999999942e+01,3.321299999999999919e+00,2.709513282775878906e+01,4.031289100646972656e+00,nan,nan,5.866017374825673869e+00,4.025704695431242541e+00,1.843694885357565205e+00
1.153099999999999881e+01,8.689299999999997581e-01,2.744328117370605469e+01,4.142862319946289062e+00,nan,nan,6.971056256127553752e+00,4.246841384617338733e+00,2.726767142399496358e+00
2.967599999999999838e+01,4.923999999999999488e+00,3.093510055541992188e+01,5.247065067291259766e+00,nan,nan,5.293843540978627971e+00,3.476456417290221257e+00,1.817906697376913350e+00
4.733600000000000563e+01,8.438299999999999912e+00,5.311001586914062500e+01,9.777708053588867188e+00,nan,nan,5.589323077035146525e+00,3.612563981262694401e+00,1.991267283543295186e+00
4.169200000000000017e+01,6.661800000000000388e+00,4.030605697631835938e+01,6.552386760711669922e+00,nan,nan,5.336416396928029826e+00,3.507129742352019353e+00,1.830533106907552998e+00
2.378900000000000148e+01,3.630199999999999871e+00,2.729505729675292969e+01,4.121812343597412109e+00,nan,nan,5.309131059479909709e+00,3.497086836544524235e+00,1.812055965050405781e+00
6.918400000000001882e+00,-2.703300000000004033e-01,1.486259937286376953e+01,1.397240996360778809e+00,nan,nan,5.729498896432119182e+00,3.686504198757659001e+00,2.064531763180441182e+00
1.942000000000000171e+01,2.529599999999999849e+00,2.747224235534667969e+01,4.157910346984863281e+00,nan,nan,5.682296547723012736e+00,3.659967376438628239e+00,2.022381146534628193e+00
4.132800000000000296e+01,7.414900000000000269e+00,2.758015251159667969e+01,4.256493091583251953e+00,nan,nan,6.699751648736196330e+00,4.046885444370756701e+00,2.657741983517355244e+00
4.764000000000000057e+01,8.303100000000000591e+00,3.706611633300781250e+01,6.728528976440429688e+00,nan,nan,5.835785422158437541e+00,3.820475174633513493e+00,2.037977774723715108e+00
3.368199999999999505e+01,5.290799999999999947e+00,2.854285812377929688e+01,4.504627227783203125e+00,nan,nan,5.401771220994191935e+00,3.545563532558928532e+00,1.858394523247427266e+00
1.383699999999999974e+01,2.046800000000000175e+00,2.714632606506347656e+01,4.033171176910400391e+00,nan,nan,6.138664755654531291e+00,4.009751393047819690e+00,2.140335043057150166e+00
1.438299999999999912e+01,2.027499999999999858e+00,2.708182334899902344e+01,4.018814086914062500e+00,nan,nan,6.090880188775258830e+00,3.960643841473113103e+00,2.142121751888937276e+00
3.149699999999999989e+01,5.097699999999999676e+00,2.778525924682617188e+01,4.345263957977294922e+00,nan,nan,5.345956120324331096e+00,3.502668215481291814e+00,1.843370516880697529e+00
4.842899999999999494e+01,8.399699999999999278e+00,3.088908576965332031e+01,5.152377128601074219e+00,nan,nan,7.055825266671376994e+00,4.405640079227934436e+00,2.695678432568258565e+00
3.938599999999999568e+01,6.507299999999999862e+00,2.926975440979003906e+01,4.579746246337890625e+00,nan,nan,5.891483340096669963e+00,3.780755235401640935e+00,2.120449860676473897e+00
2.184699999999999775e+01,2.838499999999999801e+00,2.713955116271972656e+01,4.084907531738281250e+00,nan,nan,5.473672780823903850e+00,3.546562267986784978e+00,1.927639086826986592e+00
9.224500000000002586e+00,1.930999999999998273e-01,2.541217422485351562e+01,3.572074413299560547e+00,nan,nan,7.004684958291250041e+00,4.269409491268644885e+00,2.773040373905844014e+00
2.111899999999999977e+01,3.128200000000000092e+00,2.746899414062500000e+01,4.155984878540039062e+00,nan,nan,5.466247114968496135e+00,3.583553506580840153e+00,1.882700343712515156e+00
4.339199999999999591e+01,7.820399999999999352e+00,2.751340866088867188e+01,4.192521572113037109e+00,nan,nan,7.173968825173574260e+00,4.243484331814299182e+00,2.935402830227560322e+00
4.703300000000000125e+01,7.453500000000000014e+00,2.861328506469726562e+01,4.580608844757080078e+00,nan,nan,6.981291804146962932e+00,4.508909060207853869e+00,2.505371888264364522e+00
3.143599999999999994e+01,4.808099999999999596e+00,2.773685646057128906e+01,4.289330959320068359e+00,nan,nan,5.318461570573049357e+00,3.501736773697386784e+00,1.816814323052114766e+00
1.134900000000000020e+01,1.274399999999999977e+00,2.627570152282714844e+01,3.773043394088745117e+00,nan,nan,6.450500283074575236e+00,4.149205757824431018e+00,2.336010773762411397e+00
1.310799999999999876e+01,1.525500000000000078e+00,2.746859169006347656e+01,4.155598640441894531e+00,nan,nan,6.496161255669790080e+00,4.100589706150541858e+00,2.395693142994589131e+00
3.501699999999999591e+01,5.889400000000000190e+00,2.807563400268554688e+01,4.488310337066650391e+00,nan,nan,5.578997883629995158e+00,3.610104514805327458e+00,1.971455176457113545e+00
4.927799999999999869e+01,8.805199999999999250e+00,6.285651779174804688e+01,1.174516773223876953e+01,nan,nan,6.473345789742666057e+00,4.023635222164640979e+00,2.514941652401632588e+00
3.805100000000000193e+01,6.101799999999999891e+00,3.483142852783203125e+01,5.747737884521484375e+00,nan,nan,5.348984989953237346e+00,3.517744495121489567e+00,1.833175201996511738e+00
1.790299999999999869e+01,2.606799999999999784e+00,2.619857788085937500e+01,3.869299888610839844e+00,nan,nan,5.609308752846914103e+00,3.676844908443938298e+00,1.936922987087911885e+00
1.086299999999999955e+01,8.882399999999992524e-01,2.468904113769531250e+01,3.328501462936401367e+00,nan,nan,6.324277195763784221e+00,4.052185608593473987e+00,2.313047369106954854e+00
2.427499999999999858e+01,3.900500000000000078e+00,2.742072105407714844e+01,4.170483112335205078e+00,nan,nan,5.286205444169240764e+00,3.489228262154112858e+00,1.796983321293539326e+00
4.618299999999999983e+01,8.187300000000000466e+00,2.926899719238281250e+01,4.827709197998046875e+00,nan,nan,7.063213620019155314e+00,4.344102694241056994e+00,2.757983406170553486e+00
4.369500000000000028e+01,7.279700000000000060e+00,3.487222671508789062e+01,5.766927242279052734e+00,nan,nan,5.714040074181752971e+00,3.717760278431426091e+00,2.012259681805319111e+00
2.803800000000000026e+01,4.441200000000000259e+00,2.751700973510742188e+01,4.186624050140380859e+00,nan,nan,5.255686554742055705e+00,3.459181977955351872e+00,1.796507616623586934e+00
9.952700000000000102e+00,8.882399999999992524e-01,2.572955703735351562e+01,3.620471000671386719e+00,nan,nan,6.631080899071889689e+00,4.229054643360624866e+00,2.438487966641134541e+00
1.438299999999999912e+01,2.626100000000000101e+00,2.746899032592773438e+01,4.155964851379394531e+00,nan,nan,5.986676964593129924e+00,3.991566135136138005e+00,1.995120366200155537e+00
3.647299999999999898e+01,6.546000000000000263e+00,2.763008880615234375e+01,4.288938999176025391e+00,nan,nan,5.937177214455800822e+00,3.702092005459319157e+00,2.237504919155782979e+00
4.824699999999999989e+01,8.631399999999999295e+00,4.403077316284179688e+01,7.953213214874267578e+00,nan,nan,5.439484987092214396e+00,3.560970916000853581e+00,1.883068700417227070e+00
3.592699999999999960e+01,5.773600000000000065e+00,2.857318115234375000e+01,4.469408988952636719e+00,nan,nan,5.574289831948476603e+00,3.630777074543486638e+00,1.947812636479086201e+00
1.517200000000000060e+01,2.162700000000000067e+00,2.624823188781738281e+01,3.840147972106933594e+00,nan,nan,5.876046213937001994e+00,3.842646195141325993e+00,2.044168670757955830e+00
1.037800000000000011e+01,7.530799999999997496e-01,2.665679931640625000e+01,3.891124963760375977e+00,nan,nan,6.903965029549794963e+00,4.281189157215605334e+00,2.644448478802389424e+00
2.876599999999999824e+01,4.557100000000000151e+00,2.922027587890625000e+01,4.730408191680908203e+00,nan,nan,5.269693050217824748e+00,3.465574456898222966e+00,1.804290254696554463e+00
4.764000000000000057e+01,8.805199999999999250e+00,3.211629486083984375e+01,5.487690925598144531e+00,nan,nan,6.884103569817739299e+00,4.202206327167997912e+00,2.729889591320699971e+00
4.266300000000000381e+01,6.661800000000000388e+00,3.334148406982421875e+01,5.612816333770751953e+00,nan,nan,5.645917210412221721e+00,3.742254449574004216e+00,1.916499872788137715e+00
2.567099999999999937e+01,4.113000000000000433e+00,2.770413398742675781e+01,4.278590202331542969e+00,nan,nan,5.270096216035085490e+00,3.474379314629088444e+00,1.795762796982473652e+00
9.345900000000000318e+00,5.792899999999998606e-01,9.470454216003417969e+00,-7.423800230026245117e-02,nan,nan,5.423223171067434123e+00,3.524427904335509343e+00,1.903798540219015401e+00
1.960200000000000031e+01,2.857800000000000118e+00,2.723028564453125000e+01,4.106679439544677734e+00,nan,nan,5.567299756837087443e+00,3.640112950054656071e+00,1.927827795132345479e+00
4.108500000000000085e+01,7.202499999999999680e+00,2.798928642272949219e+01,4.443148136138916016e+00,nan,nan,6.433455500436025432e+00,3.992474509922514958e+00,2.452671964749044697e+00
4.800399999999999778e+01,7.878300000000000303e+00,2.787168884277343750e+01,4.316710472106933594e+00,nan,nan,7.586034807992177775e+00,4.717422558514128283e+00,2.889635761364645283e+00
3.404599999999999937e+01,5.522599999999999731e+00,2.771259307861328125e+01,4.253679275512695312e+00,nan,nan,5.518003139329152873e+00,3.584067179409514470e+00,1.935220857247061055e+00
1.207699999999999996e+01,1.795799999999999841e+00,2.571936035156250000e+01,3.632968902587890625e+00,nan,nan,6.108281407189565471e+00,4.036847426144133166e+00,2.099617679699606221e+00
1.074200000000000088e+01,1.370999999999999996e+00,2.746858596801757812e+01,4.155568599700927734e+00,nan,nan,6.798547539544301799e+00,4.329812242237577991e+00,2.468875249012655537e+00
3.131500000000000128e+01,4.846700000000000230e+00,3.146376228332519531e+01,5.441952228546142578e+00,nan,nan,5.314961705041127971e+00,3.473508133141051335e+00,1.841997702702230733e+00
4.867100000000000648e+01,8.901699999999999946e+00,8.045550537109375000e+01,1.459821033477783203e+01,nan,nan,1.052738622171898442e+01,6.324889256206999377e+00,4.411335905178732197e+00
4.193500000000000227e+01,6.526699999999999946e+00,4.724405288696289062e+01,7.782892704010009766e+00,nan,nan,5.542326841187673381e+00,3.592120660988341374e+00,1.963937361820883076e+00
2.281800000000000139e+01,2.838499999999999801e+00,2.716596031188964844e+01,4.082349300384521484e+00,nan,nan,5.445187244248586467e+00,3.518409623352538151e+00,1.926855404957479756e+00
8.556900000000002393e+00,2.896399999999994535e-01,2.259866905212402344e+01,2.809130668640136719e+00,nan,nan,6.357324871850210002e+00,4.069518520084868030e+00,2.345759113415426533e+00
2.160500000000000043e+01,3.765400000000000080e+00,2.629499244689941406e+01,3.964550018310546875e+00,nan,nan,5.329617056679921916e+00,3.531640900818358464e+00,1.798147101982778828e+00
4.417999999999999972e+01,7.569399999999999906e+00,2.769257354736328125e+01,4.294727325439453125e+00,nan,nan,7.002202544045644572e+00,4.304012490955839709e+00,2.715591629131979268e+00
4.490899999999999892e+01,8.013500000000000512e+00,2.985789299011230469e+01,4.785569190979003906e+00,nan,nan,6.813894066643911174e+00,4.160568906513701037e+00,2.688886006458944600e+00
3.040399999999999991e+01,4.904600000000000293e+00,2.747441864013671875e+01,4.160910606384277344e+00,nan,nan,5.324085268807607463e+00,3.485002769676695866e+00,1.839090188130087178e+00
9.224500000000002586e+00,9.847900000000002763e-01,2.678709030151367188e+01,3.952100515365600586e+00,nan,nan,6.944243941140371135e+00,4.414674116817961291e+00,2.555049021824545186e+00
8.556900000000002393e+00,9.268600000000000172e-01,2.733107185363769531e+01,4.102458000183105469e+00,nan,nan,7.217713389229970744e+00,4.555206968037138537e+00,2.670089562519735615e+00
2.718800000000000239e+01,4.209500000000000242e+00,3.034095382690429688e+01,4.980652332305908203e+00,nan,nan,5.353075179887014201e+00,3.499467386452208562e+00,1.854891677483267109e+00
4.715399999999999636e+01,8.496199999999999974e+00,3.498076629638671875e+01,6.134184360504150391e+00,nan,nan,6.177297625374990275e+00,3.925225688663970036e+00,2.283742626293844502e+00
4.369500000000000028e+01,7.279700000000000060e+00,3.920716094970703125e+01,6.557509422302246094e+00,nan,nan,5.428257140946584514e+00,3.558321549145232243e+00,1.875327785595602315e+00
2.700600000000000023e+01,4.132299999999999862e+00,2.778388214111328125e+01,4.289416313171386719e+00,nan,nan,5.259939942193227580e+00,3.464032246319304509e+00,1.795949359520620625e+00
9.406600000000000961e+00,-1.930999999999993832e-02,-5.548268318176269531e+00,-3.006072282791137695e+00,nan,nan,6.511522564721303752e+00,4.121573998180876330e+00,2.521782358273214619e+00
1.802400000000000091e+01,2.510299999999999976e+00,2.746899032592773438e+01,4.156135082244873047e+00,nan,nan,5.763233456444936564e+00,3.735904289928923649e+00,2.027339299305624287e+00
3.944699999999999562e+01,6.951500000000000234e+00,2.770569801330566406e+01,4.306103229522705078e+00,nan,nan,6.282739195656972697e+00,3.887826396671782536e+00,2.401002367123312276e+00
4.921800000000000352e+01,8.399699999999999278e+00,4.295900726318359375e+01,7.922132968902587891e+00,nan,nan,5.481772694421010783e+00,3.620259477345000310e+00,1.866648336037344258e+00
3.592699999999999960e+01,5.580499999999999794e+00,2.895771789550781250e+01,4.597608566284179688e+00,nan,nan,5.500067028832631877e+00,3.615231944767485661e+00,1.888977249249166768e+00
1.511099999999999888e+01,2.722700000000000120e+00,2.698004341125488281e+01,3.986484050750732422e+00,nan,nan,5.831200632882314494e+00,3.897728158680449528e+00,1.940925558193868916e+00
9.649300000000000210e+00,1.004100000000000215e+00,2.744808959960937500e+01,4.144642353057861328e+00,nan,nan,7.094453844857412150e+00,4.444953991619597033e+00,2.652139027699178975e+00
3.040399999999999991e+01,5.039799999999999613e+00,3.068822479248046875e+01,5.182710647583007812e+00,nan,nan,5.280992064309316447e+00,3.471234037128935856e+00,1.809993167504019063e+00
4.933899999999999864e+01,8.380399999999999849e+00,7.995581817626953125e+01,1.507257556915283203e+01,nan,nan,1.119512799723167973e+01,6.105858399120817737e+00,5.353953798397726338e+00
4.217800000000000438e+01,6.642500000000000071e+00,5.457872390747070312e+01,8.902304649353027344e+00,nan,nan,6.132154259515004924e+00,3.939943863598357243e+00,2.243054111584371846e+00
2.409300000000000352e+01,3.668800000000000061e+00,2.720254516601562500e+01,4.096615314483642578e+00,nan,nan,5.298569354844289592e+00,3.490442885605345769e+00,1.808132429703420918e+00
5.947399999999998244e+00,-3.861899999999973687e-02,1.565244865417480469e+01,1.494556784629821777e+00,nan,nan,5.779840264153676799e+00,3.774094416347991032e+00,2.030099948033041279e+00
1.960200000000000031e+01,2.896399999999999864e+00,2.746945571899414062e+01,4.156324386596679688e+00,nan,nan,5.580005202126699260e+00,3.650793625561247868e+00,1.929235060795492451e+00
4.242100000000000648e+01,7.318399999999999572e+00,2.753223991394042969e+01,4.209410190582275391e+00,nan,nan,6.776205334496694377e+00,4.148627592770109729e+00,2.632089932545370381e+00
4.873199999999999932e+01,8.515599999999999170e+00,3.811949539184570312e+01,7.132084846496582031e+00,nan,nan,5.799757275414663127e+00,3.824223829952727360e+00,1.998550971134847920e+00
3.404599999999999937e+01,5.174999999999999822e+00,2.944401741027832031e+01,4.759651660919189453e+00,nan,nan,5.359567198586660197e+00,3.533412112442503972e+00,1.827904899700826924e+00
1.165200000000000102e+01,3.089500000000000135e+00,2.715594100952148438e+01,4.031983852386474609e+00,nan,nan,6.079368147683339885e+00,4.205561949459562854e+00,1.879794915302938740e+00
1.462599999999999945e+01,1.448200000000000376e+00,2.632272720336914062e+01,3.798001050949096680e+00,nan,nan,6.136110815835195353e+00,3.886360480038176579e+00,2.275989492520040791e+00
3.240699999999999648e+01,5.677000000000000490e+00,2.785963630676269531e+01,4.478310585021972656e+00,nan,nan,5.446091089081960490e+00,3.524971856323729558e+00,1.921333988293356221e+00
4.976399999999999579e+01,8.399699999999999278e+00,2.996641159057617188e+01,4.957283496856689453e+00,nan,nan,7.418229613137441447e+00,4.664949490276823596e+00,2.805229862316793721e+00
3.968999999999999773e+01,6.546000000000000263e+00,2.954240226745605469e+01,4.668149948120117188e+00,nan,nan,5.877463850808339885e+00,3.783275438992034001e+00,2.105550368412679951e+00
2.099800000000000111e+01,2.838499999999999801e+00,2.682600402832031250e+01,4.013244628906250000e+00,nan,nan,5.479537043404775432e+00,3.566466643063078923e+00,1.914298196419424336e+00
6.736299999999999955e+00,2.896399999999994535e-01,1.078124332427978516e+01,4.145701527595520020e-01,nan,nan,5.419702086281972697e+00,3.564191951004515690e+00,1.858878810986227315e+00
2.300099999999999767e+01,3.147499999999999964e+00,2.746958351135253906e+01,4.156404018402099609e+00,nan,nan,5.399500164818960002e+00,3.520126296726714177e+00,1.879387398346609395e+00
4.448399999999999466e+01,8.109999999999999432e+00,2.759840393066406250e+01,4.258280277252197266e+00,nan,nan,7.408647093606191447e+00,4.345947338787565783e+00,3.073240717037863057e+00
4.691100000000000136e+01,7.685200000000000031e+00,3.744690704345703125e+01,6.846996784210205078e+00,nan,nan,5.643371615243154338e+00,3.756503416744719548e+00,1.899289150818533223e+00
3.149699999999999989e+01,4.885299999999999976e+00,2.828917121887207031e+01,4.472106933593750000e+00,nan,nan,5.307796511483388713e+00,3.493421031681548161e+00,1.814716358765310567e+00
9.952700000000000102e+00,1.853699999999999903e+00,2.361306762695312500e+01,3.027538299560546875e+00,nan,nan,5.959834847283559611e+00,4.037998630253325061e+00,1.949302096947378438e+00
1.553599999999999959e+01,2.027499999999999858e+00,2.519872665405273438e+01,3.592844963073730469e+00,nan,nan,5.759788784814077189e+00,3.755223705021391911e+00,2.017489750965780537e+00
3.513800000000000523e+01,5.986000000000000654e+00,2.799386787414550781e+01,4.387421131134033203e+00,nan,nan,5.634769472909169963e+00,3.618691755978117985e+00,2.017312844380087178e+00
4.854999999999999716e+01,8.534900000000000375e+00,4.913089370727539062e+01,9.178221702575683594e+00,nan,nan,5.403363857102590373e+00,3.519716335979949040e+00,1.886592467411703389e+00
3.780799999999999983e+01,6.024600000000000399e+00,3.198658370971679688e+01,5.136914253234863281e+00,nan,nan,5.453778657746511271e+00,3.579430414883147282e+00,1.878798266037649434e+00
1.626399999999999935e+01,3.630199999999999871e+00,2.297318077087402344e+01,3.320811271667480469e+00,nan,nan,5.434476647210317424e+00,3.614823831764708562e+00,1.817811925991720479e+00
7.950099999999999056e+00,5.020500000000001073e-01,2.697601699829101562e+01,3.994126796722412109e+00,nan,nan,7.413443598580556682e+00,4.582619024960051135e+00,2.849423487766927998e+00
2.512500000000000000e+01,3.861899999999999888e+00,2.758235549926757812e+01,4.217430114746093750e+00,nan,nan,5.279720697236257365e+00,3.477368547169219060e+00,1.802395125015920918e+00
4.678999999999999915e+01,8.534900000000000375e+00,2.804305458068847656e+01,4.452684879302978516e+00,nan,nan,7.729817423653798869e+00,4.549692703930388049e+00,3.214239795788473408e+00
4.399800000000000466e+01,7.202499999999999680e+00,3.152788925170898438e+01,5.053502559661865234e+00,nan,nan,6.123176131081777385e+00,3.945052816120635075e+00,2.200312574490255635e+00
2.682400000000000162e+01,4.248099999999999987e+00,2.746346282958984375e+01,4.157619476318359375e+00,nan,nan,5.250837955308156779e+00,3.459539367405425114e+00,1.791304667576498311e+00
6.008099999999998886e+00,6.951499999999999346e-01,2.535761070251464844e+01,3.554253339767456055e+00,nan,nan,7.067973408532338908e+00,4.611694170681486682e+00,2.498972256764120381e+00
1.444400000000000084e+01,2.993000000000000327e+00,2.746878051757812500e+01,4.155786037445068359e+00,nan,nan,5.895309958291250041e+00,3.986584021297942204e+00,1.908745785340017598e+00
3.714099999999999824e+01,6.352899999999999991e+00,2.751092529296875000e+01,4.189751148223876953e+00,nan,nan,5.946419033837514689e+00,3.747048927990447087e+00,2.200585682972616475e+00
4.672899999999999920e+01,8.785899999999999821e+00,2.887563133239746094e+01,4.610186576843261719e+00,nan,nan,7.698081049752431682e+00,4.445694042889128283e+00,3.288520534619039815e+00
3.525900000000000034e+01,5.696299999999999919e+00,2.767023277282714844e+01,4.222988128662109375e+00,nan,nan,5.619625601601796916e+00,3.638385965076933903e+00,1.982855041607565205e+00
1.468599999999999994e+01,2.220600000000000129e+00,2.185221099853515625e+01,3.040728569030761719e+00,nan,nan,5.505528602433400920e+00,3.638048125950346989e+00,1.874907394036001484e+00
1.153099999999999881e+01,1.293700000000000294e+00,2.736212158203125000e+01,4.112753391265869141e+00,nan,nan,6.718280110192495158e+00,4.238545848576078967e+00,2.484614928349203389e+00
2.840199999999999747e+01,4.479800000000000004e+00,2.749394035339355469e+01,4.169671535491943359e+00,nan,nan,5.260201964211660197e+00,3.460610939709197087e+00,1.799601872547811787e+00
4.678999999999999915e+01,8.689299999999999358e+00,2.787141609191894531e+01,4.449357986450195312e+00,nan,nan,7.880410227608876994e+00,4.571040822712431506e+00,3.330919225796407979e+00
4.120700000000000074e+01,6.854899999999999771e+00,2.797950935363769531e+01,4.336943626403808594e+00,nan,nan,6.335305485558706096e+00,4.003147436825285510e+00,2.344560106381124776e+00
2.548900000000000077e+01,3.861899999999999888e+00,2.745544242858886719e+01,4.170827388763427734e+00,nan,nan,5.270359906983571818e+00,3.471025778500090642e+00,1.799346526249594014e+00
9.467200000000001836e+00,2.703299999999999592e-01,1.934001088142395020e+00,-1.386636853218078613e+00,nan,nan,5.726041350197988322e+00,3.685763313023100896e+00,2.075294573887533467e+00
1.948099999999999810e+01,3.282599999999999962e+00,2.746978378295898438e+01,4.156532764434814453e+00,nan,nan,5.513888273072439006e+00,3.656788064686308903e+00,1.857114632710165303e+00
4.132800000000000296e+01,7.337699999999999889e+00,2.773307037353515625e+01,4.331937789916992188e+00,nan,nan,6.596239361596303752e+00,4.033814145771513537e+00,2.573359687908834736e+00
4.818600000000000705e+01,7.858999999999999986e+00,2.954257202148437500e+01,4.839222908020019531e+00,nan,nan,7.068275961709218791e+00,4.531186415401945666e+00,2.577578027828878682e+00
3.337800000000000011e+01,5.368100000000000094e+00,2.766626548767089844e+01,4.241329193115234375e+00,nan,nan,5.464291009736257365e+00,3.560421361176024480e+00,1.904547830208486836e+00
1.256200000000000117e+01,1.931000000000000050e+00,2.545485496520996094e+01,3.604442834854125977e+00,nan,nan,6.004411492181020549e+00,3.976559473721037907e+00,2.049607833012289326e+00
1.086299999999999955e+01,1.795799999999999841e+00,2.746446990966796875e+01,4.152969837188720703e+00,nan,nan,6.592684540581899455e+00,4.316768600193510608e+00,2.276642401798910420e+00
3.204299999999999926e+01,5.232899999999999885e+00,3.146744918823242188e+01,5.516773700714111328e+00,nan,nan,5.295668873620229533e+00,3.474520100800047917e+00,1.821425636395162861e+00
4.830699999999999505e+01,8.785899999999999821e+00,6.006439208984375000e+01,1.113288021087646484e+01,nan,nan,6.130306515526967814e+00,3.899160696712981267e+00,2.276248772724813740e+00
4.047899999999999920e+01,6.314300000000000246e+00,3.463923263549804688e+01,5.585056781768798828e+00,nan,nan,5.445572171044545939e+00,3.587432755676756901e+00,1.862685461624807637e+00
2.142300000000000182e+01,2.819199999999999484e+00,2.649796485900878906e+01,3.966582536697387695e+00,nan,nan,5.450851235223012736e+00,3.542607857433806462e+00,1.909682770355886738e+00
7.768000000000000682e+00,1.930999999999993832e-02,-4.843255043029785156e+00,-2.271398305892944336e+00,nan,nan,6.148840699029165080e+00,3.956630899158965153e+00,2.258701999767965596e+00
2.203000000000000114e+01,3.108900000000000219e+00,2.746907424926757812e+01,4.157389640808105469e+00,nan,nan,5.436550292802053264e+00,3.550091101376067204e+00,1.886467655285543721e+00
3.950800000000000267e+01,6.294900000000000162e+00,3.323295974731445312e+01,5.440280437469482422e+00,nan,nan,5.473428282571035197e+00,3.599701477734099431e+00,1.879557390793508809e+00
1.851000000000000156e+01,2.722700000000000120e+00,2.726972579956054688e+01,4.093881130218505859e+00,nan,nan,5.653279337716298869e+00,3.697715117184172673e+00,1.956832726582235615e+00
9.163799999999998391e+00,3.861900000000004773e-01,1.079756832122802734e+01,2.466164231300354004e-01,nan,nan,5.394981417489248088e+00,3.528604819027434392e+00,1.870304365738577168e+00
2.530699999999999861e+01,4.074300000000000033e+00,2.820257759094238281e+01,4.393849372863769531e+00,nan,nan,5.290506634545522502e+00,3.487157417980681462e+00,1.803535779102987568e+00
4.588000000000000256e+01,8.245200000000000529e+00,3.862796020507812500e+01,7.084011077880859375e+00,nan,nan,5.588480982613759807e+00,3.650434924808989567e+00,1.949557324036306660e+00
4.442300000000000182e+01,7.472800000000000331e+00,4.399207687377929688e+01,7.360469818115234375e+00,nan,nan,5.349665198159414103e+00,3.510816468445311589e+00,1.840592523201650899e+00
2.803800000000000026e+01,4.383300000000000196e+00,2.769433403015136719e+01,4.272907733917236328e+00,nan,nan,5.254814657998281291e+00,3.460924817768584294e+00,1.793900509461111348e+00
8.192800000000001859e+00,5.986000000000002430e-01,1.758244705200195312e+01,1.697693467140197754e+00,nan,nan,5.678336891961293986e+00,3.754987074581633610e+00,1.945079525097555440e+00
1.462599999999999945e+01,2.915799999999999947e+00,2.731659317016601562e+01,4.109231948852539062e+00,nan,nan,5.875418457818227580e+00,3.959876014439116521e+00,1.917459805592245381e+00
3.726200000000000045e+01,6.256300000000000416e+00,3.005766296386718750e+01,5.162569522857666016e+00,nan,nan,5.536870751214223674e+00,3.627412988392363591e+00,1.913115938290304463e+00
4.854999999999999716e+01,8.921099999999999142e+00,4.018209457397460938e+01,7.230903625488281250e+00,nan,nan,5.754375014138418010e+00,3.703778340069304509e+00,2.069597919567770283e+00
3.598799999999999955e+01,5.850799999999999557e+00,2.799466323852539062e+01,4.314548015594482422e+00,nan,nan,5.657067808938222697e+00,3.659110023228179021e+00,2.001202662571615498e+00
1.553599999999999959e+01,2.375100000000000655e+00,2.091045570373535156e+01,2.873924493789672852e+00,nan,nan,5.412690553498464396e+00,3.574517978874693913e+00,1.842229147537893574e+00
1.037800000000000011e+01,5.020500000000001073e-01,2.712349700927734375e+01,4.035217285156250000e+00,nan,nan,7.192040476632314494e+00,4.330341412273893908e+00,2.875364978893942158e+00
2.670199999999999818e+01,4.363999999999999879e+00,2.750325202941894531e+01,4.174347877502441406e+00,nan,nan,5.254644784760671428e+00,3.460082723347197575e+00,1.794565041645712178e+00
4.709300000000000352e+01,8.747299999999999187e+00,3.165993881225585938e+01,5.405325889587402344e+00,nan,nan,6.891399893593984416e+00,4.194308711735258655e+00,2.743722160443014424e+00
4.320899999999999608e+01,7.086599999999999788e+00,4.488087463378906250e+01,7.470883369445800781e+00,nan,nan,5.366439852547841838e+00,3.518881215302001042e+00,1.850751658066458027e+00
2.579199999999999804e+01,3.746100000000000207e+00,2.741144943237304688e+01,4.165159702301025391e+00,nan,nan,5.274990114999013713e+00,3.468023432938109440e+00,1.806981285198873799e+00
8.496199999999998198e+00,4.054999999999999716e-01,1.813845062255859375e+01,1.767153143882751465e+00,nan,nan,5.736819777322011760e+00,3.767851425854216618e+00,1.996090849026388447e+00
1.790299999999999869e+01,2.877099999999999991e+00,2.734902572631835938e+01,4.126183509826660156e+00,nan,nan,5.663532767129140666e+00,3.736414863316069646e+00,1.927940805538839619e+00
4.060000000000000142e+01,7.086599999999999788e+00,2.831033325195312500e+01,4.619944572448730469e+00,nan,nan,6.239433083367543986e+00,3.929249121395598454e+00,2.322944958790487568e+00
4.727600000000000335e+01,8.245200000000000529e+00,2.987752342224121094e+01,4.945344448089599609e+00,nan,nan,7.072983774972158244e+00,4.393134547916899280e+00,2.724248607739157002e+00
3.386400000000000432e+01,5.348799999999999777e+00,2.756088638305664062e+01,4.202702522277832031e+00,nan,nan,5.488707337212758830e+00,3.582083179203520817e+00,1.907003303154653828e+00
1.286599999999999966e+01,1.621999999999999886e+00,2.369203376770019531e+01,3.269259214401245117e+00,nan,nan,5.853474411797719767e+00,3.830469562260161442e+00,2.044742544277853291e+00
9.224500000000002586e+00,1.119999999999999662e+00,2.746879005432128906e+01,4.155742168426513672e+00,nan,nan,7.091954264474111369e+00,4.495219184605131701e+00,2.596823294743246358e+00
3.089000000000000057e+01,5.194300000000000139e+00,3.077222824096679688e+01,5.180831432342529297e+00,nan,nan,5.279665384125905803e+00,3.471013738361846013e+00,1.808816154583639424e+00
4.854999999999999716e+01,8.766600000000000392e+00,4.682307052612304688e+01,8.473857879638671875e+00,nan,nan,5.377882036996084025e+00,3.523649706093321843e+00,1.856009026154226582e+00
4.072099999999999653e+01,6.526699999999999946e+00,4.037083053588867188e+01,6.672243595123291016e+00,nan,nan,5.334059986901479533e+00,3.501961363998900456e+00,1.833457489594167988e+00
2.300099999999999767e+01,3.263300000000000090e+00,2.716544342041015625e+01,4.080266475677490234e+00,nan,nan,5.363808426690297892e+00,3.513700677601347966e+00,1.850146432503408711e+00
1.049899999999999878e+01,5.020500000000001073e-01,1.885103988647460938e+01,1.932877898216247559e+00,nan,nan,5.686132464242177775e+00,3.700332714764128728e+00,2.012636263951010029e+00
2.063400000000000034e+01,3.572299999999999809e+00,2.739603042602539062e+01,4.150557041168212891e+00,nan,nan,5.420275721383291057e+00,3.600649489609252019e+00,1.819633980377859395e+00
4.345199999999999818e+01,7.607999999999999652e+00,2.817434883117675781e+01,4.506673336029052734e+00,nan,nan,6.779411825967031291e+00,4.183958007542143420e+00,2.619289358242697041e+00
4.648699999999999477e+01,7.627299999999999969e+00,2.805584526062011719e+01,4.380951881408691406e+00,nan,nan,7.184517893624501994e+00,4.512270046917448596e+00,2.700882871731466572e+00
3.173999999999999844e+01,5.059099999999999930e+00,2.767118072509765625e+01,4.269636631011962891e+00,nan,nan,5.357547197175222209e+00,3.510534836498747868e+00,1.847105343922323506e+00
1.007400000000000162e+01,1.602700000000000014e+00,2.551003456115722656e+01,3.584020137786865234e+00,nan,nan,6.307162318062978557e+00,4.195335103718290881e+00,2.144450624569601338e+00
1.068100000000000094e+01,1.158599999999999852e+00,2.746893119812011719e+01,4.155882358551025391e+00,nan,nan,6.912774357629018596e+00,4.336221648899565295e+00,2.576579769238180440e+00
3.228600000000000136e+01,5.580499999999999794e+00,2.937265586853027344e+01,4.878874778747558594e+00,nan,nan,5.339705500436025432e+00,3.491837038246642155e+00,1.848526855095571797e+00
4.885300000000000153e+01,8.766600000000000392e+00,5.462384414672851562e+01,9.960447311401367188e+00,nan,nan,5.563821706605153850e+00,3.613806857315550847e+00,1.962981184109396260e+00
3.877900000000000347e+01,6.372200000000000308e+00,3.715119934082031250e+01,6.253340244293212891e+00,nan,nan,5.332265410256582072e+00,3.501864446846495671e+00,1.831861515625662129e+00
1.893400000000000105e+01,3.765400000000000080e+00,2.722567558288574219e+01,4.078349113464355469e+00,nan,nan,5.473414335084157756e+00,3.672819806782256169e+00,1.800731440170950215e+00
9.649300000000000210e+00,6.951499999999999346e-01,1.811984062194824219e+01,1.806083798408508301e+00,nan,nan,5.632559809518056682e+00,3.706276609150420231e+00,1.945525963886923115e+00
2.524599999999999866e+01,3.514400000000000190e+00,2.817382049560546875e+01,4.382485866546630859e+00,nan,nan,5.346811208558278850e+00,3.487350239006529851e+00,1.859904606922811787e+00
4.545499999999999829e+01,8.457599999999999341e+00,2.884701347351074219e+01,4.665459156036376953e+00,nan,nan,7.298069510293203166e+00,4.313555194584379748e+00,3.021618326290792744e+00
4.600100000000000477e+01,7.298999999999999488e+00,2.839709472656250000e+01,4.471840858459472656e+00,nan,nan,6.874392065835195353e+00,4.418753458706389026e+00,2.484340627773947041e+00
3.016199999999999903e+01,4.634299999999999642e+00,2.787444496154785156e+01,4.364439010620117188e+00,nan,nan,5.277293238473134807e+00,3.476376129833708806e+00,1.800942738636678975e+00
1.025599999999999667e+01,7.144599999999998730e-01,2.551033592224121094e+01,3.528572082519531250e+00,nan,nan,6.606821808648305705e+00,4.178737475124846057e+00,2.474217613323873799e+00
1.693200000000000216e+01,2.124099999999999877e+00,2.745856666564941406e+01,4.152175903320312500e+00,nan,nan,5.953427109551626017e+00,3.803245498386870427e+00,2.150336940869039815e+00
3.732300000000000040e+01,6.487999999999999545e+00,2.772317314147949219e+01,4.290810108184814453e+00,nan,nan,5.955559525323110392e+00,3.745919062344084782e+00,2.214919050320333760e+00
5.067399999999999949e+01,8.264499999999999957e+00,3.704428100585937500e+01,6.758495807647705078e+00,nan,nan,6.029057297539907267e+00,4.036112858501921252e+00,2.022076209171957295e+00
3.774800000000000466e+01,5.889400000000000190e+00,2.787214279174804688e+01,4.302460193634033203e+00,nan,nan,5.774411711526113322e+00,3.763055755344878239e+00,2.015569527729696553e+00
1.766000000000000014e+01,1.815100000000000158e+00,2.680656623840332031e+01,3.964334726333618164e+00,nan,nan,5.910115275216298869e+00,3.721172405926238103e+00,2.197152932270712178e+00
4.976400000000001711e+00,9.654799999999998938e-01,2.746835136413574219e+01,4.155421257019042969e+00,nan,nan,7.714967284035878947e+00,5.034461809841642932e+00,2.680772741421407979e+00
2.749099999999999966e+01,4.306000000000000050e+00,2.939811325073242188e+01,4.742992877960205078e+00,nan,nan,5.293776902985769084e+00,3.476822985855589909e+00,1.817421813591665547e+00
4.879299999999999926e+01,8.727999999999999758e+00,2.959638977050781250e+01,4.858422756195068359e+00,nan,nan,7.611991915536123088e+00,4.595238639561186389e+00,3.068597038372701924e+00
4.363399999999999324e+01,6.970799999999999663e+00,3.106002998352050781e+01,5.256714820861816406e+00,nan,nan,5.991541418862539103e+00,3.952915145603667302e+00,2.071434577091879170e+00
2.724900000000000233e+01,4.499100000000000321e+00,2.782181739807128906e+01,4.328504085540771484e+00,nan,nan,5.257160219979482463e+00,3.460977865902434392e+00,1.796186228378958027e+00
7.707300000000000040e+00,8.109999999999999432e-01,2.632404708862304688e+01,3.769370555877685547e+00,nan,nan,7.028856787514882853e+00,4.529063655582914905e+00,2.545328219517416279e+00
1.948099999999999810e+01,2.336500000000000021e+00,2.565639114379882812e+01,3.798851728439331055e+00,nan,nan,5.564106497597890666e+00,3.584214224068175358e+00,1.983964760883993428e+00
4.060000000000000142e+01,7.241100000000000314e+00,2.804549980163574219e+01,4.439561843872070312e+00,nan,nan,6.400630268883901408e+00,3.949488474575530095e+00,2.470197876080221455e+00
4.958200000000000074e+01,7.820399999999999352e+00,2.770455551147460938e+01,4.260840892791748047e+00,nan,nan,7.816287073922353557e+00,4.946102692333708362e+00,2.889276345356649678e+00
3.568399999999999750e+01,5.271499999999999631e+00,2.755370140075683594e+01,4.202889442443847656e+00,nan,nan,5.556003484559255412e+00,3.664187027660857243e+00,1.892310698612875264e+00
1.511099999999999888e+01,1.621999999999999886e+00,2.670466995239257812e+01,3.902068853378295898e+00,nan,nan,6.108246836495595744e+00,3.878258182255278630e+00,2.248058398350424092e+00
9.406600000000000961e+00,1.332399999999999807e+00,2.743132209777832031e+01,4.138182640075683594e+00,nan,nan,6.943030867409902385e+00,4.469831778255949573e+00,2.478043754681295674e+00
2.979800000000000182e+01,4.981900000000000439e+00,3.228619003295898438e+01,5.505855560302734375e+00,nan,nan,5.328726801705556682e+00,3.495477153507720036e+00,1.834316988571829121e+00
4.988499999999999801e+01,8.882400000000000517e+00,6.251376342773437500e+01,1.186307239532470703e+01,nan,nan,6.425528797936635783e+00,3.956699682919035954e+00,2.532504041775411885e+00
4.248100000000000165e+01,6.700400000000000134e+00,4.805973434448242188e+01,8.294106483459472656e+00,nan,nan,5.627038273644643596e+00,3.602944983688841862e+00,2.045110424145407002e+00
2.457800000000000296e+01,3.649500000000000188e+00,2.717161178588867188e+01,4.099801063537597656e+00,nan,nan,5.291135225129323771e+00,3.481322182861815495e+00,1.809818525894827168e+00
6.432900000000000063e+00,7.723899999999961352e-02,1.351782608032226562e+01,7.925346493721008301e-01,nan,nan,5.550283226800161174e+00,3.658056570736418767e+00,1.909096558674520772e+00
4.363399999999999324e+01,7.163899999999999935e+00,2.856229209899902344e+01,4.491793632507324219e+00,nan,nan,6.556396040749746135e+00,4.163938833920012073e+00,2.412830074413961690e+00
2.603500000000000014e+01,4.209500000000000242e+00,2.743067932128906250e+01,4.150501728057861328e+00,nan,nan,5.254866156411367228e+00,3.464197172371398015e+00,1.790673215969747822e+00
7.950099999999999056e+00,9.268600000000000172e-01,2.688507843017578125e+01,3.948171615600585938e+00,nan,nan,7.131379875970083049e+00,4.570957257000456408e+00,2.582991798504537861e+00
1.826699999999999946e+01,3.726799999999999891e+00,2.746902084350585938e+01,4.155973911285400391e+00,nan,nan,5.528347763848501017e+00,3.721814586369048161e+00,1.806537349804586690e+00
3.744400000000000261e+01,6.642500000000000071e+00,2.777456474304199219e+01,4.402439117431640625e+00,nan,nan,5.978132281136709025e+00,3.750084354130278630e+00,2.231794198139852803e+00
4.697200000000000131e+01,8.187300000000000466e+00,2.767176055908203125e+01,4.282610893249511719e+00,nan,nan,7.715476069283681682e+00,4.617286278454313830e+00,3.111030061825460713e+00
3.246800000000000352e+01,5.232899999999999885e+00,2.747026634216308594e+01,4.157104015350341797e+00,nan,nan,5.427601251435476115e+00,3.535835458485137028e+00,1.891783078297323506e+00
1.153099999999999881e+01,2.510299999999999976e+00,2.633533287048339844e+01,3.883619785308837891e+00,nan,nan,6.092126402688222697e+00,4.138960434643278674e+00,1.962971885784811299e+00
1.225900000000000034e+01,1.274399999999999977e+00,2.746898460388183594e+01,4.155963420867919922e+00,nan,nan,6.695920023751455119e+00,4.178868843761931018e+00,2.517072160824484151e+00
2.761300000000000310e+01,5.117099999999999760e+00,2.746903991699218750e+01,4.156062126159667969e+00,nan,nan,5.329060349297719767e+00,3.457957340923796696e+00,1.871106525047964375e+00
4.618299999999999983e+01,8.766600000000000392e+00,2.748059844970703125e+01,4.166891098022460938e+00,nan,nan,8.180622134041982463e+00,4.547845913616667346e+00,3.635798414334005635e+00
3.944699999999999562e+01,6.661800000000000388e+00,2.798315620422363281e+01,4.335863590240478516e+00,nan,nan,6.123627219033437541e+00,3.868363811222563786e+00,2.264871676548666279e+00
2.269699999999999918e+01,3.726799999999999891e+00,2.745041656494140625e+01,4.150155544281005859e+00,nan,nan,5.334406289887624553e+00,3.528377844540129704e+00,1.806041379555410664e+00
1.080199999999999960e+01,8.882399999999992524e-01,2.693712425231933594e+01,3.961392164230346680e+00,nan,nan,6.857057843041616252e+00,4.267278267590056018e+00,2.609639723881429951e+00
2.160500000000000043e+01,3.533700000000000063e+00,2.747148132324218750e+01,4.160918712615966797e+00,nan,nan,5.389893803429799846e+00,3.565209044662962956e+00,1.824695129975027363e+00
4.132800000000000296e+01,7.434199999999999697e+00,2.769165992736816406e+01,4.272905826568603516e+00,nan,nan,6.684999737572866252e+00,4.037294937817106799e+00,2.657939870938009541e+00
4.618299999999999983e+01,8.013500000000000512e+00,2.761659812927246094e+01,4.216382980346679688e+00,nan,nan,7.562018189263540080e+00,4.530729247776518420e+00,3.043827493771261494e+00
3.161800000000000210e+01,5.194300000000000139e+00,2.752863502502441406e+01,4.192640781402587891e+00,nan,nan,5.389427456689077189e+00,3.510258092133055730e+00,1.879277189358419697e+00
1.183400000000000141e+01,5.406699999999999839e-01,2.743726539611816406e+01,4.140514850616455078e+00,nan,nan,7.134172234368520549e+00,4.216455055920134143e+00,2.921385605915731709e+00
1.231999999999999851e+01,1.660600000000000076e+00,2.746886062622070312e+01,4.155873298645019531e+00,nan,nan,6.508322987389760783e+00,4.173085881916533069e+00,2.335260589703268330e+00
3.356000000000000227e+01,5.735000000000000320e+00,2.748477554321289062e+01,4.168287754058837891e+00,nan,nan,5.578781637978750041e+00,3.573014749733458562e+00,2.006020029171652119e+00
4.794300000000000495e+01,8.959699999999999775e+00,2.804214096069335938e+01,4.392714977264404297e+00,nan,nan,8.233622107339101603e+00,4.687566115108976916e+00,3.581761797054952901e+00
3.950800000000000267e+01,6.140500000000000291e+00,2.991936874389648438e+01,4.880580902099609375e+00,nan,nan,5.690035137963491252e+00,3.751461579052458806e+00,1.951826472862905781e+00
2.190800000000000125e+01,2.838499999999999801e+00,2.737905120849609375e+01,4.141346454620361328e+00,nan,nan,5.490476283860402873e+00,3.551524116245757146e+00,1.938993414028829854e+00
8.192800000000001859e+00,1.004100000000000215e+00,2.734401893615722656e+01,4.101303100585937500e+00,nan,nan,7.208471331429677775e+00,4.598844243732939319e+00,2.624262412174886983e+00
2.391099999999999781e+01,3.726799999999999891e+00,2.620332527160644531e+01,4.084466457366943359e+00,nan,nan,5.283907565903859904e+00,3.479617609230528874e+00,1.804291029556936543e+00
4.515100000000000335e+01,7.858999999999999986e+00,2.931237602233886719e+01,4.866966724395751953e+00,nan,nan,6.739857230019765666e+00,4.234813763348112658e+00,2.556326349362081807e+00
4.600100000000000477e+01,7.279700000000000060e+00,2.778679847717285156e+01,4.286139488220214844e+00,nan,nan,7.038894686532216838e+00,4.489119602886686877e+00,2.568665702923483174e+00
3.125400000000000134e+01,4.615000000000000213e+00,2.785520362854003906e+01,4.336279392242431641e+00,nan,nan,5.296651515793996623e+00,3.495689584461699528e+00,1.801012952908224385e+00
8.010699999999999932e+00,3.668800000000000949e-01,2.732437324523925781e+01,4.092302322387695312e+00,nan,nan,7.594953570199209025e+00,4.618369652477751330e+00,2.993462522610372822e+00
1.583900000000000041e+01,2.181999999999999940e+00,2.613751411437988281e+01,3.857682466506958008e+00,nan,nan,5.825157913994985392e+00,3.791624500004302067e+00,2.041814764126486104e+00
3.786899999999999977e+01,6.468700000000000117e+00,2.761814880371093750e+01,4.248268127441406250e+00,nan,nan,6.005400929284292033e+00,3.785756422726164860e+00,2.223113377674764912e+00
5.018899999999999295e+01,8.747299999999999187e+00,2.859695816040039062e+01,4.606693267822265625e+00,nan,nan,8.091010126900869182e+00,4.899799896923552112e+00,3.249293287380880635e+00
3.841499999999999915e+01,6.893500000000000405e+00,2.805084037780761719e+01,4.341496467590332031e+00,nan,nan,6.144423279595571330e+00,3.794188334194670720e+00,2.359523614033407490e+00
1.699200000000000088e+01,2.317200000000000149e+00,2.746894836425781250e+01,4.155825138092041016e+00,nan,nan,5.886116537881093791e+00,3.799974633900176091e+00,2.086150248631185811e+00
9.892099999999999227e+00,4.827399999999997249e-01,2.743153381347656250e+01,4.137707710266113281e+00,nan,nan,7.361402544808584025e+00,4.415988637653837756e+00,2.953248222454733174e+00
2.712699999999999889e+01,4.383300000000000196e+00,2.813753318786621094e+01,4.432234764099121094e+00,nan,nan,5.260136160683828166e+00,3.464451445786009831e+00,1.795738180264181416e+00
4.824699999999999989e+01,8.534900000000000375e+00,2.906322288513183594e+01,4.755918025970458984e+00,nan,nan,7.545141730141835978e+00,4.595306112019072131e+00,3.005196054562277119e+00
4.533399999999999608e+01,7.665900000000000603e+00,2.812818336486816406e+01,4.386216163635253906e+00,nan,nan,7.072177920174794963e+00,4.377156926838408069e+00,2.720875461682028096e+00
2.658099999999999952e+01,4.054999999999999716e+00,2.747683906555175781e+01,4.161472797393798828e+00,nan,nan,5.251750621628957560e+00,3.460426284519682927e+00,1.791329939945883076e+00
7.950099999999999056e+00,5.792899999999998606e-01,2.435314559936523438e+01,3.329219579696655273e+00,nan,nan,6.673488173318105510e+00,4.286105705944548205e+00,2.445006092175192158e+00
1.693200000000000216e+01,2.664699999999999847e+00,2.743145561218261719e+01,4.147989749908447266e+00,nan,nan,5.784293207955556682e+00,3.801528884617339177e+00,1.982978065594381611e+00
3.914300000000000068e+01,6.990099999999999980e+00,2.746969223022460938e+01,4.156678676605224609e+00,nan,nan,6.375117811989980510e+00,3.882573677746306462e+00,2.492785294636434834e+00
4.782199999999999562e+01,8.515599999999999170e+00,3.452468109130859375e+01,6.384973049163818359e+00,nan,nan,6.164106402230459025e+00,4.010060860363493518e+00,2.208079774960226338e+00
3.550199999999999534e+01,5.831500000000000128e+00,2.887016487121582031e+01,4.582151889801025391e+00,nan,nan,5.536594543290334514e+00,3.601273252216826481e+00,1.940764089211172383e+00
1.565700000000000003e+01,1.583400000000000141e+00,2.704820442199707031e+01,4.024647712707519531e+00,nan,nan,6.169009241891103557e+00,3.862939192501555485e+00,2.312045176609701436e+00
1.092400000000000304e+01,1.467500000000000249e+00,2.695964431762695312e+01,3.982310771942138672e+00,nan,nan,6.580044779610830119e+00,4.256817056385527209e+00,2.343015630825704854e+00
2.937300000000000111e+01,4.962600000000000122e+00,2.555010414123535156e+01,4.067362785339355469e+00,nan,nan,5.373344573807912639e+00,3.510287179199706120e+00,1.863424261196798604e+00
4.873199999999999932e+01,8.689299999999999358e+00,2.820968627929687500e+01,4.493963718414306641e+00,nan,nan,7.972718748879628947e+00,4.761853052822599963e+00,3.274889429196066182e+00
4.266300000000000381e+01,6.623199999999999754e+00,2.816559982299804688e+01,4.394137382507324219e+00,nan,nan,6.323026451897817424e+00,4.111757590023527698e+00,2.227813561543173115e+00
2.397199999999999775e+01,3.630199999999999871e+00,2.742738914489746094e+01,4.161878585815429688e+00,nan,nan,5.311616811585622600e+00,3.496015443054686589e+00,1.815611322506613057e+00
8.678300000000000125e+00,6.565300000000000580e-01,7.846049308776855469e+00,-2.244172384962439537e-03,nan,nan,5.437953862977224162e+00,3.538008166996489567e+00,1.908749838455862324e+00
2.221199999999999974e+01,3.224699999999999900e+00,2.627227783203125000e+01,3.956951856613159180e+00,nan,nan,5.355075034928518107e+00,3.514404072014342351e+00,1.841239233597463887e+00
4.327000000000000313e+01,7.395599999999999952e+00,2.878711128234863281e+01,4.682713985443115234e+00,nan,nan,6.515413317513662150e+00,4.110338522640715198e+00,2.429817398174948018e+00
4.915699999999999648e+01,7.897600000000000620e+00,3.033270645141601562e+01,4.885860443115234375e+00,nan,nan,7.075866255593496135e+00,4.547800971714506701e+00,2.574390252217001240e+00
3.289300000000000068e+01,5.541900000000000048e+00,2.769318199157714844e+01,4.273835182189941406e+00,nan,nan,5.476504597497182658e+00,3.543814851490508122e+00,1.932783742531484883e+00
9.163799999999998391e+00,8.882399999999992524e-01,2.614919853210449219e+01,3.721885442733764648e+00,nan,nan,6.804689917397695353e+00,4.351647569386015491e+00,2.486550648792928975e+00
1.250199999999999889e+01,1.679899999999999949e+00,2.729287719726562500e+01,4.106338500976562500e+00,nan,nan,6.440278801751333049e+00,4.139259411541472033e+00,2.305662472828573506e+00
3.337800000000000011e+01,5.677000000000000490e+00,2.776525306701660156e+01,4.294290542602539062e+00,nan,nan,5.517396960091787150e+00,3.557181848732481999e+00,1.961086710079855244e+00
5.067399999999999949e+01,9.114200000000000301e+00,3.935453033447265625e+01,7.286110877990722656e+00,nan,nan,5.949394736123281291e+00,3.870184256283293767e+00,2.110225875958151143e+00
4.211699999999999733e+01,6.179100000000000037e+00,3.259274673461914062e+01,5.512199878692626953e+00,nan,nan,5.611531052422719767e+00,3.753540946690093083e+00,1.868083198651022236e+00
1.881299999999999883e+01,2.799900000000000055e+00,2.746697616577148438e+01,4.154711246490478516e+00,nan,nan,5.642288479638295939e+00,3.691295935360442204e+00,1.951040824040121358e+00
6.372199999999999420e+00,6.179100000000006254e-01,2.743688201904296875e+01,4.139726161956787109e+00,nan,nan,7.703182730508046916e+00,4.839734150616179065e+00,2.871117313488668721e+00
2.391099999999999781e+01,4.035700000000000287e+00,2.746879005432128906e+01,4.155927658081054688e+00,nan,nan,5.288823995423513225e+00,3.497337593285094304e+00,1.791490514858907979e+00
4.345199999999999818e+01,8.766600000000000392e+00,2.746909332275390625e+01,4.156140327453613281e+00,nan,nan,7.904293570351796916e+00,4.254011704174528674e+00,3.650474985226339619e+00
4.436299999999999955e+01,6.854899999999999771e+00,2.786250114440917969e+01,4.321473598480224609e+00,nan,nan,6.641542944741445353e+00,4.304725481716642932e+00,2.351152976139730733e+00
3.180000000000000071e+01,4.363999999999999879e+00,2.747361755371093750e+01,4.158912181854248047e+00,nan,nan,5.311165723633962443e+00,3.516315116135130925e+00,1.794872601612753193e+00
1.499000000000000021e+01,2.587499999999999467e+00,2.733733177185058594e+01,4.115065097808837891e+00,nan,nan,5.927348646950918010e+00,3.933141900745879216e+00,1.996365864857382100e+00
3.744400000000000261e+01,6.391499999999999737e+00,3.104884910583496094e+01,5.422979354858398438e+00,nan,nan,5.487238917184072307e+00,3.596749080864440007e+00,1.893629570587820332e+00
4.854999999999999716e+01,8.785899999999999821e+00,5.178178405761718750e+01,9.546463012695312500e+00,nan,nan,5.442664060425954631e+00,3.549941970554839177e+00,1.899120350464529317e+00
3.738300000000000267e+01,5.831500000000000128e+00,3.074336433410644531e+01,4.906986713409423828e+00,nan,nan,5.483510050606923869e+00,3.606651856152068181e+00,1.881347616299337666e+00
1.565700000000000003e+01,2.317200000000000149e+00,2.312352752685546875e+01,3.284658193588256836e+00,nan,nan,5.531620297265249064e+00,3.646923734394560856e+00,1.892001648529714863e+00
1.007400000000000162e+01,5.406699999999999839e-01,2.458255767822265625e+01,3.378545999526977539e+00,nan,nan,6.566185984444814494e+00,4.111317111698637561e+00,2.488544543369955342e+00
2.664199999999999946e+01,4.363999999999999879e+00,2.752727890014648438e+01,4.183784008026123047e+00,nan,nan,5.255026731324392131e+00,3.460619284359465642e+00,1.794409831150717061e+00
4.794300000000000495e+01,8.727999999999999758e+00,3.132228469848632812e+01,5.346842288970947266e+00,nan,nan,7.024675164056020549e+00,4.309659792629728869e+00,2.765509565457052510e+00
4.381600000000000250e+01,6.970799999999999663e+00,4.077942276000976562e+01,6.797819137573242188e+00,nan,nan,5.365062389207082560e+00,3.530219330040465398e+00,1.836743136032766621e+00
2.658099999999999952e+01,3.900500000000000078e+00,2.749439048767089844e+01,4.188074111938476562e+00,nan,nan,5.261250767541127971e+00,3.462395204750548405e+00,1.798874397858328145e+00
1.019500000000000028e+01,8.496199999999998198e-01,2.362708282470703125e+01,3.050467729568481445e+00,nan,nan,6.202506098580556682e+00,4.019803597179899768e+00,2.223579009159750264e+00
1.753900000000000148e+01,3.070199999999999818e+00,2.746844482421875000e+01,4.155667304992675781e+00,nan,nan,5.658575091195302775e+00,3.765158368793974919e+00,1.893438835724539082e+00
3.968999999999999773e+01,6.874200000000000088e+00,2.762515449523925781e+01,4.261135578155517578e+00,nan,nan,6.291470322442251017e+00,3.911721421925078435e+00,2.386169036015219014e+00
4.891399999999999437e+01,7.955599999999999561e+00,2.864607429504394531e+01,4.600879192352294922e+00,nan,nan,7.445375714135366252e+00,4.729033781734953479e+00,2.757872779949850361e+00
3.453099999999999881e+01,5.387400000000000411e+00,2.753452491760253906e+01,4.190513134002685547e+00,nan,nan,5.527438196969228557e+00,3.610721840111266179e+00,1.917074163540548604e+00
1.286599999999999966e+01,1.370999999999999996e+00,1.954732131958007812e+01,2.578031539916992188e+00,nan,nan,5.561080608201223185e+00,3.626011444775115056e+00,1.948564310654348652e+00
1.153099999999999881e+01,8.882399999999992524e-01,2.737268638610839844e+01,4.115547657012939453e+00,nan,nan,6.933050665688710978e+00,4.239605619160185412e+00,2.699026067837423604e+00
2.998000000000000043e+01,4.885299999999999976e+00,2.768746757507324219e+01,4.249482631683349609e+00,nan,nan,5.303695115876394084e+00,3.475210620609770817e+00,1.828587253674215596e+00
4.757899999999999352e+01,8.843799999999999883e+00,3.027855491638183594e+01,5.094323158264160156e+00,nan,nan,7.315395150017934611e+00,4.381939007488737658e+00,2.985678394421285908e+00
3.956800000000000495e+01,6.430100000000000371e+00,2.917417716979980469e+01,4.559553146362304688e+00,nan,nan,5.890412363839345744e+00,3.798034025875578923e+00,2.101715047939962666e+00
2.184699999999999775e+01,3.379199999999999982e+00,2.677273750305175781e+01,4.022555351257324219e+00,nan,nan,5.366826448273855021e+00,3.537111355511199040e+00,1.830372174366659443e+00
6.614899999999998670e+00,9.461699999999999555e-01,2.618141555786132812e+01,3.765756607055664062e+00,nan,nan,7.094638380837636760e+00,4.642447783199797229e+00,2.481717546566671651e+00
2.032999999999999829e+01,3.012300000000000200e+00,2.746898460388183594e+01,4.155961513519287109e+00,nan,nan,5.521450075936513713e+00,3.616721762863646550e+00,1.904734392746633809e+00
4.187399999999999523e+01,7.646600000000000286e+00,2.764228248596191406e+01,4.309117794036865234e+00,nan,nan,6.840910229516225627e+00,4.088986946789274768e+00,2.757580359562582295e+00
4.642600000000000193e+01,7.994200000000000195e+00,3.037320137023925781e+01,5.066781997680664062e+00,nan,nan,6.747693571877675822e+00,4.255075408665190295e+00,2.530557115658468526e+00
3.258899999999999864e+01,4.788800000000000168e+00,2.763243675231933594e+01,4.221147537231445312e+00,nan,nan,5.357058677506643107e+00,3.535356177536498112e+00,1.822019477471060078e+00
1.353299999999999770e+01,1.467500000000000249e+00,2.733400535583496094e+01,4.097665309906005859e+00,nan,nan,6.435870203805166057e+00,4.051219417301664905e+00,2.394119341953939717e+00
1.492900000000000027e+01,1.660600000000000076e+00,2.746837234497070312e+01,4.155420303344726562e+00,nan,nan,6.282801422906118205e+00,3.947913600651274724e+00,2.335033496006674092e+00
3.301400000000000290e+01,5.638399999999999856e+00,2.788300704956054688e+01,4.388193130493164062e+00,nan,nan,5.475255045724111369e+00,3.541580988613616032e+00,1.934957702740377705e+00
4.891399999999999437e+01,8.785899999999999821e+00,3.144266891479492188e+01,5.265173912048339844e+00,nan,nan,7.192658457589345744e+00,4.396849228588591174e+00,2.848398645504659932e+00
3.877900000000000347e+01,6.294900000000000162e+00,2.759009170532226562e+01,4.198486804962158203e+00,nan,nan,6.021554980111318400e+00,3.848338677135954899e+00,2.175740798100179951e+00
1.869200000000000017e+01,2.626100000000000101e+00,2.303750991821289062e+01,3.413663625717163086e+00,nan,nan,5.393314513993459514e+00,3.535789503304015202e+00,1.860219855889028828e+00
8.314199999999999591e+00,3.282600000000002183e-01,2.560259056091308594e+01,3.656411170959472656e+00,nan,nan,7.096267018151479533e+00,4.382726027218351916e+00,2.747275908573812764e+00
2.287900000000000134e+01,3.688099999999999934e+00,2.747067832946777344e+01,4.157111644744873047e+00,nan,nan,5.333197507691579631e+00,3.523607863632689519e+00,1.809602041825002949e+00
4.545499999999999829e+01,8.109999999999999432e+00,2.791192245483398438e+01,4.476608753204345703e+00,nan,nan,7.321071181130605510e+00,4.415240003315458850e+00,2.924404581173605244e+00
4.393800000000000239e+01,7.878300000000000303e+00,2.779010391235351562e+01,4.293427944183349609e+00,nan,nan,7.151438507867055705e+00,4.269158078876982287e+00,2.901396353825277608e+00
2.955499999999999972e+01,4.537799999999999834e+00,2.752031898498535156e+01,4.189955711364746094e+00,nan,nan,5.272884402108388713e+00,3.471230699268828435e+00,1.801660259350485127e+00
8.374900000000000233e+00,1.409600000000000186e+00,2.207008743286132812e+01,2.777462959289550781e+00,nan,nan,5.996847424340444377e+00,4.041185690609465198e+00,1.981616099461263936e+00
1.444400000000000084e+01,2.027499999999999858e+00,2.746899032592773438e+01,4.155957221984863281e+00,nan,nan,6.173397335839467814e+00,3.986602141109953923e+00,2.186806519612020772e+00
3.617000000000000171e+01,6.101799999999999891e+00,2.753412628173828125e+01,4.206542015075683594e+00,nan,nan,5.795863423180776408e+00,3.690552307812224431e+00,2.106554706677145283e+00
4.873199999999999932e+01,8.708600000000000563e+00,4.204287719726562500e+01,7.391925334930419922e+00,nan,nan,5.602248940301137736e+00,3.634224726406584782e+00,1.979129751309103291e+00
3.695900000000000318e+01,5.754299999999999748e+00,3.591604995727539062e+01,6.028461456298828125e+00,nan,nan,5.326271090340810588e+00,3.493513478485594792e+00,1.833643813713735859e+00
1.790299999999999869e+01,2.085399999999999920e+00,2.736772537231445312e+01,4.116791248321533203e+00,nan,nan,5.888077769112783244e+00,3.737429930416594548e+00,2.152346928700155537e+00
1.195499999999999829e+01,1.390299999999999869e+00,2.622504425048828125e+01,3.755047798156738281e+00,nan,nan,6.339641842675405314e+00,4.090511752811918811e+00,2.282041032894796651e+00
2.779500000000000171e+01,4.170899999999999608e+00,2.870360183715820312e+01,4.648163318634033203e+00,nan,nan,5.287013325524526408e+00,3.468515290466795964e+00,1.818704624756521504e+00
4.697200000000000131e+01,8.534900000000000375e+00,5.629026412963867188e+01,1.064670181274414062e+01,nan,nan,5.921275410485463908e+00,3.759447886196623845e+00,2.196675737484640401e+00
4.223799999999999955e+01,6.758399999999999963e+00,3.999957275390625000e+01,6.463267326354980469e+00,nan,nan,5.349383745026784709e+00,3.515491499153624577e+00,1.835560103043264668e+00
2.597400000000000020e+01,3.997100000000000097e+00,2.741647529602050781e+01,4.149989604949951172e+00,nan,nan,5.257363710236745646e+00,3.464824332443724675e+00,1.792544265373892109e+00
7.221799999999998221e+00,9.654800000000030025e-02,1.334441471099853516e+01,1.021334528923034668e+00,nan,nan,5.523711476159292033e+00,3.617674841133605046e+00,1.917912681683248799e+00
1.583900000000000041e+01,2.683999999999999719e+00,2.746898269653320312e+01,4.155963897705078125e+00,nan,nan,5.859298977685170939e+00,3.879414273945342106e+00,1.979893644436544697e+00
3.956800000000000495e+01,6.797000000000000597e+00,2.756400871276855469e+01,4.234683513641357422e+00,nan,nan,6.268269810509877971e+00,3.907077862469206853e+00,2.364212234600729268e+00
4.812500000000000000e+01,8.824500000000000455e+00,4.599102783203125000e+01,8.268594741821289062e+00,nan,nan,5.396673474145131877e+00,3.526697589603911442e+00,1.872440834625906270e+00
3.501699999999999591e+01,5.464599999999999902e+00,3.333390045166015625e+01,5.604307174682617188e+00,nan,nan,5.318820986581044963e+00,3.491791083065520329e+00,1.827824910267538350e+00
1.304800000000000004e+01,3.726799999999999891e+00,2.737081527709960938e+01,4.112268447875976562e+00,nan,nan,5.906055722069936564e+00,4.096910430637846545e+00,1.810177643879598897e+00
1.286599999999999966e+01,1.119999999999999662e+00,2.716448402404785156e+01,4.035748481750488281e+00,nan,nan,6.605607542824941447e+00,4.094334556309233264e+00,2.528436263188070576e+00
3.064699999999999847e+01,5.213599999999999568e+00,3.039774131774902344e+01,5.230010986328125000e+00,nan,nan,5.279837045502858928e+00,3.470916046349059148e+00,1.809056659325308125e+00
4.873199999999999932e+01,8.303100000000000591e+00,5.879580688476562500e+01,1.132718276977539062e+01,nan,nan,6.295935664010244182e+00,3.799635841099272771e+00,2.550974448307699483e+00
4.132800000000000296e+01,6.430100000000000371e+00,3.849651718139648438e+01,6.301620960235595703e+00,nan,nan,5.348413023781972697e+00,3.520768298355589909e+00,1.828962882145590108e+00
2.372899999999999920e+01,3.166799999999999837e+00,2.731406021118164062e+01,4.121942043304443359e+00,nan,nan,5.369711313080983928e+00,3.498941435066710515e+00,1.870785613640493672e+00
6.372199999999999420e+00,-5.406699999999995399e-01,1.813333892822265625e+01,2.021950483322143555e+00,nan,nan,6.219362053704458049e+00,3.898232056347380681e+00,2.364302714451498311e+00
1.899500000000000099e+01,2.703300000000000036e+00,2.746817398071289062e+01,4.156873226165771484e+00,nan,nan,5.656805310082631877e+00,3.681639863697539372e+00,1.975174387081808369e+00
4.363399999999999324e+01,7.569399999999999906e+00,2.759281539916992188e+01,4.255071163177490234e+00,nan,nan,6.995106015038686564e+00,4.259472443310270862e+00,2.743535597904867451e+00
4.770000000000000284e+01,8.322499999999999787e+00,4.703582763671875000e+01,8.867478370666503906e+00,nan,nan,5.393549833131032756e+00,3.517247034756194157e+00,1.877975364311880391e+00
3.386400000000000432e+01,5.387400000000000411e+00,2.976238441467285156e+01,4.827877998352050781e+00,nan,nan,5.358094010186391642e+00,3.520856155601988835e+00,1.839260538204855244e+00
1.280499999999999972e+01,2.452300000000000146e+00,2.634541130065917969e+01,3.773674249649047852e+00,nan,nan,5.975191626382070353e+00,4.028572513309965686e+00,1.963705976589865010e+00
1.389700000000000024e+01,1.448200000000000376e+00,2.740344047546386719e+01,4.128416538238525391e+00,nan,nan,6.439866337609487346e+00,4.026328994480619983e+00,2.418057878597921651e+00
3.313499999999999801e+01,5.619100000000000428e+00,3.250134658813476562e+01,5.738026142120361328e+00,nan,nan,5.295562419724660685e+00,3.479122831074248356e+00,1.816662867649740498e+00
2.955499999999999972e+01,4.672900000000000276e+00,2.803320503234863281e+01,4.422839164733886719e+00,nan,nan,5.269561085534292033e+00,3.468736006466399235e+00,1.800835331066793721e+00
8.556900000000002393e+00,1.158599999999999852e+00,2.391212463378906250e+01,3.102170944213867188e+00,nan,nan,6.275829586816030314e+00,4.184910728184233264e+00,2.139997561558431904e+00
1.832799999999999940e+01,2.317200000000000149e+00,2.317103385925292969e+01,3.191208839416503906e+00,nan,nan,5.428056273293691447e+00,3.550736083237181706e+00,1.882888753994650166e+00
3.714099999999999824e+01,6.468700000000000117e+00,2.748742103576660156e+01,4.171791076660156250e+00,nan,nan,5.999533448052602580e+00,3.748428417889128728e+00,2.252389629467672627e+00
4.903499999999999659e+01,8.187300000000000466e+00,2.794494628906250000e+01,4.313387870788574219e+00,nan,nan,7.905679735970693400e+00,4.838939263073454455e+00,3.091250379666036885e+00
3.550199999999999534e+01,6.179100000000000037e+00,2.746945381164550781e+01,4.156464576721191406e+00,nan,nan,5.807341370415883830e+00,3.658997847286711735e+00,2.148368914707845967e+00
1.450400000000000134e+01,1.795799999999999841e+00,2.667664337158203125e+01,3.980132579803466797e+00,nan,nan,6.121487412286001017e+00,3.920434667316924138e+00,2.209421594723409932e+00
1.110599999999999810e+01,3.668800000000000949e-01,2.746898269653320312e+01,4.155956745147705078e+00,nan,nan,7.339261565041738322e+00,4.292319966999540881e+00,3.046971281155294697e+00
2.354699999999999704e+01,4.113000000000000433e+00,2.746899032592773438e+01,4.155981063842773438e+00,nan,nan,5.296237501931386760e+00,3.505829765049468083e+00,1.790411909207052510e+00
4.430199999999999960e+01,8.573499999999999233e+00,2.748939895629882812e+01,4.181146144866943359e+00,nan,nan,7.806937250924306682e+00,4.338725878445158557e+00,3.471002061947531026e+00
4.193500000000000227e+01,7.318399999999999572e+00,2.749661254882812500e+01,4.171971797943115234e+00,nan,nan,6.760140690636831096e+00,4.107512547222624377e+00,2.655084570034689229e+00
2.403199999999999648e+01,4.054999999999999716e+00,2.746521186828613281e+01,4.154722690582275391e+00,nan,nan,5.286037120652395060e+00,3.494705690590392155e+00,1.791337271317190449e+00
5.522600000000000620e+00,9.268600000000000172e-01,2.745982170104980469e+01,4.150812625885009766e+00,nan,nan,7.654988322091298869e+00,4.957445456234465198e+00,2.699207504376119893e+00
2.039099999999999824e+01,3.089500000000000135e+00,2.746898460388183594e+01,4.155967235565185547e+00,nan,nan,5.503801855874257853e+00,3.614018394199858708e+00,1.889789779766744893e+00
3.568399999999999750e+01,6.487999999999999545e+00,2.747013854980468750e+01,4.157727241516113281e+00,nan,nan,5.933648381066518596e+00,3.668166472164641423e+00,2.265578230007833760e+00
4.557600000000000051e+01,8.592800000000000438e+00,2.758927726745605469e+01,4.215099334716796875e+00,nan,nan,7.911878619027334025e+00,4.465364529339323596e+00,3.456509073361105244e+00
3.295300000000000296e+01,5.483900000000000219e+00,2.748859024047851562e+01,4.164855480194091797e+00,nan,nan,5.494330439400869182e+00,3.551161839214812321e+00,1.943429012879080098e+00
1.231999999999999851e+01,2.375100000000000655e+00,2.723068046569824219e+01,4.075938224792480469e+00,nan,nan,6.190844807458120158e+00,4.150026394573698596e+00,2.047092755421346943e+00
1.316900000000000048e+01,1.699200000000000266e+00,2.746852493286132812e+01,4.155531406402587891e+00,nan,nan,6.413405690026479533e+00,4.095135761944304065e+00,2.318370898350424092e+00
2.985800000000000054e+01,4.923999999999999488e+00,2.828644371032714844e+01,4.495085239410400391e+00,nan,nan,5.284239086938100627e+00,3.468945516792784733e+00,1.815425952061361592e+00
4.691100000000000136e+01,8.554199999999999804e+00,3.231383514404296875e+01,5.455631256103515625e+00,nan,nan,6.693906578850942424e+00,4.118255569187651233e+00,2.615332801922506611e+00
4.041799999999999926e+01,6.449399999999999800e+00,3.014417457580566406e+01,4.748208045959472656e+00,nan,nan,5.833266768288808635e+00,3.792128755299101872e+00,2.051812608822531026e+00
2.136199999999999832e+01,5.155700000000000394e+00,2.724302291870117188e+01,4.107454299926757812e+00,nan,nan,5.454888019395070842e+00,3.566774977890502019e+00,1.887611349209493916e+00
7.161100000000001131e+00,-3.282600000000002183e-01,2.720816802978515625e+01,4.066535949707031250e+00,nan,nan,8.160910639596181682e+00,4.707936121670256213e+00,3.468984325512594502e+00
1.990500000000000114e+01,3.166799999999999837e+00,2.746975898742675781e+01,4.156594276428222656e+00,nan,nan,5.512316737008291057e+00,3.636238409725676579e+00,1.876106937512106221e+00
4.272399999999999665e+01,7.414900000000000269e+00,2.770530509948730469e+01,4.357649803161621094e+00,nan,nan,6.755606684518056682e+00,4.160507990566740588e+00,2.602194865330404561e+00
4.654699999999999704e+01,8.032799999999999940e+00,3.338866424560546875e+01,5.765912055969238281e+00,nan,nan,6.214850458932119182e+00,3.998593045917998356e+00,2.246937354191488545e+00
3.264999999999999858e+01,4.981900000000000439e+00,2.870707130432128906e+01,4.548919200897216797e+00,nan,nan,5.336463603806691935e+00,3.513248516766081853e+00,1.824457605465597432e+00
1.341200000000000081e+01,1.795799999999999841e+00,2.724210739135742188e+01,4.061359882354736328e+00,nan,nan,6.282981428933339885e+00,4.053581072536955432e+00,2.241309483631796162e+00
1.462599999999999945e+01,1.660600000000000076e+00,2.715819168090820312e+01,4.047950267791748047e+00,nan,nan,6.226424012017446330e+00,3.947583867756377263e+00,2.289580782040304463e+00
3.356000000000000227e+01,5.638399999999999856e+00,2.784123992919921875e+01,4.371769905090332031e+00,nan,nan,5.496718678307729533e+00,3.561169518677245183e+00,1.936559517964071553e+00
4.873199999999999932e+01,8.361100000000000421e+00,2.784271812438964844e+01,4.307017326354980469e+00,nan,nan,8.005499396157460978e+00,4.814160658566008166e+00,3.213505466564840596e+00
3.871900000000000119e+01,6.294900000000000162e+00,2.751382446289062500e+01,4.175092220306396484e+00,nan,nan,6.031871590447622111e+00,3.849319173542510075e+00,2.184069116696066182e+00
2.105900000000000105e+01,2.857800000000000118e+00,2.737871742248535156e+01,4.132411479949951172e+00,nan,nan,5.515596422982412150e+00,3.582786812035094304e+00,1.933136840447134297e+00
4.430199999999999250e+00,2.896399999999994535e-01,2.746898460388183594e+01,4.155963897705078125e+00,nan,nan,8.210751566720205119e+00,5.112071110455046252e+00,3.098736484631246846e+00
2.427499999999999858e+01,3.552999999999999936e+00,2.747148132324218750e+01,4.157939910888671875e+00,nan,nan,5.312340292763906291e+00,3.489757134167204899e+00,1.822603543385214131e+00
4.600100000000000477e+01,8.090700000000000003e+00,2.754625129699707031e+01,4.216906070709228516e+00,nan,nan,7.601238283944326213e+00,4.518724633900175647e+00,3.091550548657125752e+00
4.648699999999999477e+01,7.550099999999999589e+00,2.858967208862304688e+01,4.560985088348388672e+00,nan,nan,6.984932694268422892e+00,4.450920297352324084e+00,2.563886721714681904e+00
3.107199999999999918e+01,4.576399999999999579e+00,2.797668838500976562e+01,4.401967525482177734e+00,nan,nan,5.288331899476247600e+00,3.490334285942565007e+00,1.798027952297872822e+00
1.159099999999999753e+01,3.282600000000002183e-01,2.581325340270996094e+01,3.621613740921020508e+00,nan,nan,6.739800724816518596e+00,4.085853649822722033e+00,2.711330969914144795e+00
1.480799999999999983e+01,2.606799999999999784e+00,2.740027999877929688e+01,4.132359504699707031e+00,nan,nan,5.945920977425771525e+00,3.952100111691008610e+00,1.995299537762350361e+00
3.604800000000000182e+01,5.986000000000000654e+00,2.885844993591308594e+01,4.754806518554687500e+00,nan,nan,5.554786119294362834e+00,3.623331858364592595e+00,1.933979054077810567e+00
4.952100000000000080e+01,8.805199999999999250e+00,3.563660812377929688e+01,6.518889427185058594e+00,nan,nan,6.269452843499379924e+00,4.056712700573454455e+00,2.257260759457296651e+00
3.817199999999999704e+01,5.773600000000000065e+00,2.973344039916992188e+01,4.792604923248291016e+00,nan,nan,5.573722038102346232e+00,3.687148524967680974e+00,1.893413682564443867e+00
1.766000000000000014e+01,2.568200000000000038e+00,2.692774200439453125e+01,3.992418527603149414e+00,nan,nan,5.696812424493032267e+00,3.727479054180632634e+00,1.973644931896871846e+00
8.435600000000000875e+00,8.689299999999997581e-01,2.436950302124023438e+01,3.255543947219848633e+00,nan,nan,6.487438950371938517e+00,4.241402818409452991e+00,2.291941841229147236e+00
2.755199999999999960e+01,4.054999999999999716e+00,2.771730613708496094e+01,4.303673744201660156e+00,nan,nan,5.259241494965749553e+00,3.460694088188658757e+00,1.798585494145101826e+00
4.745799999999999841e+01,8.573499999999999233e+00,3.741633605957031250e+01,6.702439785003662109e+00,nan,nan,5.883576903176503947e+00,3.788781239239226384e+00,2.118232091053671162e+00
4.448399999999999466e+01,7.163899999999999935e+00,4.865919113159179688e+01,8.107334136962890625e+00,nan,nan,5.468104872536855510e+00,3.565020038334380192e+00,1.912613590344137471e+00
2.700600000000000023e+01,4.325400000000000134e+00,2.768370437622070312e+01,4.249593257904052734e+00,nan,nan,5.254988465142446330e+00,3.461945964542876286e+00,1.793058117016500752e+00
9.527899999999998926e+00,2.510200000000000209e-01,2.536913871765136719e+01,3.504698276519775391e+00,nan,nan,6.874848160577016642e+00,4.234175159183989123e+00,2.694715936764425557e+00
1.499000000000000021e+01,2.548900000000000166e+00,2.746855163574218750e+01,4.155708312988281250e+00,nan,nan,5.959416422677236369e+00,3.943171335903655095e+00,2.016282518490499776e+00
3.932500000000000284e+01,6.758399999999999963e+00,2.792852401733398438e+01,4.414719104766845703e+00,nan,nan,6.128665957284169963e+00,3.863289667812834782e+00,2.272240717991537373e+00
4.952100000000000080e+01,8.689299999999999358e+00,4.502219772338867188e+01,8.406275749206542969e+00,nan,nan,5.427521023583608439e+00,3.570631636826048894e+00,1.860222776516622822e+00
3.598799999999999955e+01,5.406699999999999839e+00,2.812817382812500000e+01,4.365349769592285156e+00,nan,nan,5.542900833916860392e+00,3.652928067890654606e+00,1.892524679287618916e+00
1.426200000000000045e+01,1.834400000000000031e+00,1.911426353454589844e+01,2.526680231094360352e+00,nan,nan,5.427669200730520060e+00,3.565498544422637028e+00,1.868326743229574483e+00
1.055999999999999872e+01,1.023400000000000087e+00,2.467217063903808594e+01,3.341211795806884766e+00,nan,nan,6.305376086068349650e+00,4.076507283894072131e+00,2.264909823521322529e+00
2.961499999999999844e+01,4.730900000000000105e+00,2.797611236572265625e+01,4.351045608520507812e+00,nan,nan,5.275485668015676310e+00,3.468452765194426579e+00,1.807072361096090596e+00
4.721500000000000341e+01,8.843799999999999883e+00,2.893498229980468750e+01,4.714492797851562500e+00,nan,nan,7.687197241616445353e+00,4.492586447445402698e+00,3.242600401028341572e+00
4.102499999999999858e+01,6.603900000000000325e+00,2.797876167297363281e+01,4.296129226684570312e+00,nan,nan,6.238372835946279338e+00,3.988431169239531560e+00,2.257158716305441182e+00
2.312199999999999989e+01,3.437100000000000044e+00,2.731161880493164062e+01,4.120738029479980469e+00,nan,nan,5.346205863785939982e+00,3.513712956158171696e+00,1.832725186928457539e+00
5.643899999999998585e+00,9.268600000000000172e-01,2.738076972961425781e+01,4.119205474853515625e+00,nan,nan,7.602002177071767619e+00,4.929041697231779651e+00,2.679840643986410420e+00
1.820599999999999952e+01,3.070199999999999818e+00,2.746898841857910156e+01,4.155966281890869141e+00,nan,nan,5.618727001977163127e+00,3.725293709484587712e+00,1.893439968212789815e+00
4.084300000000000352e+01,7.434199999999999697e+00,2.767856025695800781e+01,4.335692405700683594e+00,nan,nan,6.617873701882558635e+00,3.998033119884978337e+00,2.625006278141683858e+00
4.581899999999999551e+01,8.264499999999999957e+00,2.821357917785644531e+01,4.483098030090332031e+00,nan,nan,7.410291466546254924e+00,4.420606805531035022e+00,3.018767316921896260e+00
3.240699999999999648e+01,5.310200000000000031e+00,2.749493026733398438e+01,4.168552398681640625e+00,nan,nan,5.438581261468129924e+00,3.533335699287901921e+00,1.905450304135031026e+00
1.019500000000000028e+01,1.699200000000000266e+00,2.470977210998535156e+01,3.466276645660400391e+00,nan,nan,6.160094055962758830e+00,4.111013485638151721e+00,2.076964576824850361e+00
1.219800000000000040e+01,7.144599999999998730e-01,2.746898460388183594e+01,4.155958652496337891e+00,nan,nan,7.011618647408681682e+00,4.184663249699125842e+00,2.826979477986044209e+00
